0 , 0.076 , 0.479333 , 0.403333 , 4.39182029811
1 , 0.074667 , 0.5056665 , 0.4309995 , 2.44591014906
2 , 0.069333 , 0.490888666667 , 0.421555666667 , 1.7972734327
3 , 0.076 , 0.45499975 , 0.37899975 , 1.47295507453
4 , 0.058667 , 0.3757332 , 0.3170662 , 1.27836405962
5 , 0.066667 , 0.324222166667 , 0.257555166667 , 1.14863671635
6 , 0.065333 , 0.317714285714 , 0.252381285714 , 1.0559743283
7 , 0.066667 , 0.315333375 , 0.248666375 , 0.986477537264
8 , 0.074667 , 0.297333333333 , 0.222666333333 , 0.932424477568
9 , 0.070667 , 0.2822667 , 0.2115997 , 0.889182029811
10 , 0.074667 , 0.278727272727 , 0.204060272727 , 0.853801845283
11 , 0.074667 , 0.26272225 , 0.18805525 , 0.824318358176
12 , 0.073333 , 0.248564153846 , 0.175231153846 , 0.799370792162
13 , 0.076 , 0.247000071429 , 0.171000071429 , 0.777987164151
14 , 0.081333 , 0.2363112 , 0.1549782 , 0.759454686541
15 , 0.073333 , 0.23629175 , 0.16295875 , 0.743238768632
16 , 0.068 , 0.228431470588 , 0.160431470588 , 0.728930605771
17 , 0.069333 , 0.226666777778 , 0.157333777778 , 0.716212238784
18 , 0.061333 , 0.223228157895 , 0.161895157895 , 0.704832647269
19 , 0.066667 , 0.21606675 , 0.14939975 , 0.694591014906
20 , 0.068 , 0.213460380952 , 0.145460380952 , 0.685324776101
21 , 0.072 , 0.207030363636 , 0.135030363636 , 0.676900922641
22 , 0.073333 , 0.204405869565 , 0.131072869565 , 0.669209578179
23 , 0.072 , 0.200777833333 , 0.128777833333 , 0.662159179088
24 , 0.044 , 0.19530672 , 0.15130672 , 0.655672811924
25 , 0.070667 , 0.190512884615 , 0.119845884615 , 0.649685396081
26 , 0.062667 , 0.185777851852 , 0.123110851852 , 0.644141492523
27 , 0.066667 , 0.181523892857 , 0.114856892857 , 0.638993582075
28 , 0.061333 , 0.177701241379 , 0.116368241379 , 0.634200699935
29 , 0.066667 , 0.176488966667 , 0.109821966667 , 0.62972734327
30 , 0.058667 , 0.173462451613 , 0.114795451613 , 0.625542590262
31 , 0.069333 , 0.17037509375 , 0.10104209375 , 0.621619384316
32 , 0.058667 , 0.169454636364 , 0.110787636364 , 0.617933948428
33 , 0.064 , 0.166470676471 , 0.102470676471 , 0.614465302886
34 , 0.066 , 0.165695314286 , 0.0996953142857 , 0.61119486566
35 , 0.068 , 0.162981555556 , 0.0949815555556 , 0.608106119392
36 , 0.066 , 0.160594675676 , 0.0945946756757 , 0.605184332381
37 , 0.062667 , 0.158193052632 , 0.0955260526316 , 0.602416323634
38 , 0.064 , 0.155880410256 , 0.0918804102564 , 0.599790264054
39 , 0.058667 , 0.153450075 , 0.094783075 , 0.597295507453
40 , 0.062667 , 0.151365926829 , 0.0886989268293 , 0.594922446295
41 , 0.065333 , 0.14944452381 , 0.0841115238095 , 0.59266238805
42 , 0.053333 , 0.147209372093 , 0.093876372093 , 0.590507448793
43 , 0.069333 , 0.145439454545 , 0.0761064545455 , 0.588450461321
44 , 0.065333 , 0.143659311111 , 0.0783263111111 , 0.586484895514
45 , 0.058667 , 0.141898608696 , 0.0832316086957 , 0.584604789089
46 , 0.06 , 0.140156085106 , 0.0801560851064 , 0.582804687194
47 , 0.062667 , 0.138736166667 , 0.0760691666667 , 0.581079589544
48 , 0.036667 , 0.137428632653 , 0.100761632653 , 0.579424904043
49 , 0.06 , 0.13588006 , 0.07588006 , 0.577836405962
50 , 0.051333 , 0.134339921569 , 0.0830069215686 , 0.576310201924
51 , 0.036667 , 0.133141076923 , 0.0964740769231 , 0.574842698041
52 , 0.06 , 0.131861679245 , 0.0718616792453 , 0.573430571662
53 , 0.053333 , 0.130827203704 , 0.0774942037037 , 0.572070746261
54 , 0.051333 , 0.129733381818 , 0.0784003818182 , 0.570760369057
55 , 0.058667 , 0.128607196429 , 0.0699401964286 , 0.569496791038
56 , 0.051333 , 0.127497122807 , 0.076164122807 , 0.56827754909
57 , 0.058667 , 0.126356362069 , 0.067689362069 , 0.567100349967
58 , 0.051333 , 0.125389864407 , 0.0740568644068 , 0.5659630559
59 , 0.053333 , 0.125455583333 , 0.0721225833333 , 0.564863671635
60 , 0.053333 , 0.124601114754 , 0.0712681147541 , 0.563800332756
61 , 0.064 , 0.123645177419 , 0.0596451774194 , 0.562771295131
62 , 0.058667 , 0.122740761905 , 0.0640737619048 , 0.561774925367
63 , 0.06 , 0.1217604375 , 0.0617604375 , 0.560809692158
64 , 0.051333 , 0.120789769231 , 0.0694567692308 , 0.559874158432
65 , 0.062667 , 0.119989924242 , 0.0573229242424 , 0.558966974214
66 , 0.044 , 0.119054746269 , 0.0750547462687 , 0.558086870121
67 , 0.061333 , 0.118284338235 , 0.0569513382353 , 0.557232651443
68 , 0.051333 , 0.11753626087 , 0.0662032608696 , 0.556403192726
69 , 0.058667 , 0.116695271429 , 0.0580282714286 , 0.55559743283
70 , 0.06 , 0.115896746479 , 0.0558967464789 , 0.554814370396
71 , 0.06 , 0.115194472222 , 0.0551944722222 , 0.554053059696
72 , 0.064 , 0.114493178082 , 0.0504931780822 , 0.553312606823
73 , 0.057333 , 0.113864891892 , 0.0565318918919 , 0.552592166191
74 , 0.056 , 0.113306693333 , 0.0573066933333 , 0.551890937308
75 , 0.061333 , 0.112622828947 , 0.0512898289474 , 0.551208161817
76 , 0.052 , 0.112077948052 , 0.0600779480519 , 0.550543120755
77 , 0.053333 , 0.111581217949 , 0.0582482179487 , 0.549895132027
78 , 0.029333 , 0.110540101266 , 0.0812071012658 , 0.549263548077
79 , 0.06 , 0.11000835 , 0.05000835 , 0.548647753726
80 , 0.06 , 0.109423888889 , 0.0494238888889 , 0.548047164174
81 , 0.061333 , 0.108837414634 , 0.0475044146341 , 0.547461223148
82 , 0.044 , 0.108297204819 , 0.0642972048193 , 0.546889401182
83 , 0.057333 , 0.107833345238 , 0.0505003452381 , 0.546331194025
84 , 0.054667 , 0.107207858824 , 0.0525408588235 , 0.545786121154
85 , 0.056 , 0.106612418605 , 0.0506124186047 , 0.545253724397
86 , 0.049333 , 0.106398482759 , 0.0570654827586 , 0.544733566645
87 , 0.061333 , 0.105916681818 , 0.0445836818182 , 0.54422523066
88 , 0.058667 , 0.105385786517 , 0.0467187865169 , 0.543728317956
89 , 0.051333 , 0.1047852 , 0.0534522 , 0.543242447757
90 , 0.062667 , 0.104322362637 , 0.0416553626374 , 0.542767256023
91 , 0.051333 , 0.103942043478 , 0.0526090434783 , 0.542302394545
92 , 0.06 , 0.103569903226 , 0.0435699032258 , 0.541847530087
93 , 0.054667 , 0.103234053191 , 0.0485670531915 , 0.541402343597
94 , 0.029333 , 0.102456147368 , 0.0731231473684 , 0.540966529454
95 , 0.062667 , 0.102729177083 , 0.0400621770833 , 0.540539794772
96 , 0.036667 , 0.102261175258 , 0.0655941752577 , 0.540121858743
97 , 0.044 , 0.101952387755 , 0.0579523877551 , 0.539712452022
98 , 0.056 , 0.101488222222 , 0.0454882222222 , 0.539311316143
99 , 0.044 , 0.10119334 , 0.05719334 , 0.538918202981
0 , 0.073333 , 0.431333 , 0.358 , 4.39182029811
1 , 0.069333 , 0.4536665 , 0.3843335 , 2.44591014906
2 , 0.077333 , 0.465111 , 0.387778 , 1.7972734327
3 , 0.068 , 0.4295 , 0.3615 , 1.47295507453
4 , 0.069333 , 0.4304 , 0.361067 , 1.27836405962
5 , 0.078667 , 0.371777833333 , 0.293110833333 , 1.14863671635
6 , 0.078667 , 0.330285714286 , 0.251618714286 , 1.0559743283
7 , 0.064 , 0.297 , 0.233 , 0.986477537264
8 , 0.073333 , 0.272148111111 , 0.198815111111 , 0.932424477568
9 , 0.082667 , 0.2532 , 0.170533 , 0.889182029811
10 , 0.070667 , 0.236606090909 , 0.165939090909 , 0.853801845283
11 , 0.064 , 0.22222225 , 0.15822225 , 0.824318358176
12 , 0.073333 , 0.217333384615 , 0.144000384615 , 0.799370792162
13 , 0.074667 , 0.207142928571 , 0.132475928571 , 0.777987164151
14 , 0.073333 , 0.198666733333 , 0.125333733333 , 0.759454686541
15 , 0.065333 , 0.190333375 , 0.125000375 , 0.743238768632
16 , 0.057333 , 0.182509823529 , 0.125176823529 , 0.728930605771
17 , 0.072 , 0.176963 , 0.104963 , 0.716212238784
18 , 0.070667 , 0.171789526316 , 0.101122526316 , 0.704832647269
19 , 0.070667 , 0.16870005 , 0.09803305 , 0.694591014906
20 , 0.074667 , 0.167968285714 , 0.0933012857143 , 0.685324776101
21 , 0.072 , 0.163909136364 , 0.0919091363636 , 0.676900922641
22 , 0.065333 , 0.163101478261 , 0.0977684782609 , 0.669209578179
23 , 0.062667 , 0.159583375 , 0.096916375 , 0.662159179088
24 , 0.064 , 0.16048004 , 0.09648004 , 0.655672811924
25 , 0.068 , 0.156923115385 , 0.0889231153846 , 0.649685396081
26 , 0.065333 , 0.153827185185 , 0.0884941851852 , 0.644141492523
27 , 0.064 , 0.150619071429 , 0.0866190714286 , 0.638993582075
28 , 0.057333 , 0.148321862069 , 0.090988862069 , 0.634200699935
29 , 0.065333 , 0.145555566667 , 0.0802225666667 , 0.62972734327
30 , 0.065333 , 0.145634419355 , 0.0803014193548 , 0.625542590262
31 , 0.064 , 0.14308334375 , 0.07908334375 , 0.621619384316
32 , 0.068 , 0.141636363636 , 0.0736363636364 , 0.617933948428
33 , 0.051333 , 0.139509794118 , 0.0881767941176 , 0.614465302886
34 , 0.066667 , 0.140361885714 , 0.0736948857143 , 0.61119486566
35 , 0.070667 , 0.138499972222 , 0.0678329722222 , 0.608106119392
36 , 0.058667 , 0.136522486486 , 0.0778554864865 , 0.605184332381
37 , 0.061333 , 0.134543815789 , 0.0732108157895 , 0.602416323634
38 , 0.061333 , 0.133162358974 , 0.0718293589744 , 0.599790264054
39 , 0.036667 , 0.131499975 , 0.094832975 , 0.597295507453
40 , 0.056 , 0.130081268293 , 0.0740812682927 , 0.594922446295
41 , 0.036667 , 0.128793619048 , 0.0921266190476 , 0.59266238805
42 , 0.070667 , 0.127441837209 , 0.0567748372093 , 0.590507448793
43 , 0.06 , 0.125909068182 , 0.0659090681818 , 0.588450461321
44 , 0.066667 , 0.124592577778 , 0.0579255777778 , 0.586484895514
45 , 0.06 , 0.123188391304 , 0.0631883913043 , 0.584604789089
46 , 0.066667 , 0.121985808511 , 0.0553188085106 , 0.582804687194
47 , 0.056 , 0.121 , 0.065 , 0.581079589544
48 , 0.057333 , 0.119700673469 , 0.0623676734694 , 0.579424904043
49 , 0.058667 , 0.11874666 , 0.06007966 , 0.577836405962
50 , 0.06 , 0.117803921569 , 0.0578039215686 , 0.576310201924
51 , 0.053333 , 0.116564096154 , 0.0632310961538 , 0.574842698041
52 , 0.058667 , 0.115723264151 , 0.0570562641509 , 0.573430571662
53 , 0.058667 , 0.114913574074 , 0.0562465740741 , 0.572070746261
54 , 0.065333 , 0.1140606 , 0.0487276 , 0.570760369057
55 , 0.052 , 0.112952375 , 0.060952375 , 0.569496791038
56 , 0.058667 , 0.112233912281 , 0.0535669122807 , 0.56827754909
57 , 0.051333 , 0.111425275862 , 0.0600922758621 , 0.567100349967
58 , 0.065333 , 0.110644050847 , 0.0453110508475 , 0.5659630559
59 , 0.044 , 0.109533316667 , 0.0655333166667 , 0.564863671635
60 , 0.065333 , 0.108808721311 , 0.0434757213115 , 0.563800332756
61 , 0.057333 , 0.107978467742 , 0.0506454677419 , 0.562771295131
62 , 0.058667 , 0.107280396825 , 0.0486133968254 , 0.561774925367
63 , 0.044 , 0.107729140625 , 0.063729140625 , 0.560809692158
64 , 0.051333 , 0.107199969231 , 0.0558669692308 , 0.559874158432
65 , 0.014667 , 0.106646439394 , 0.0919794393939 , 0.558966974214
66 , 0.044 , 0.106089522388 , 0.0620895223881 , 0.558086870121
67 , 0.044 , 0.105647029412 , 0.0616470294118 , 0.557232651443
68 , 0.054667 , 0.104908188406 , 0.0502411884058 , 0.556403192726
69 , 0.036667 , 0.104266642857 , 0.0675996428571 , 0.55559743283
70 , 0.051333 , 0.10371828169 , 0.0523852816901 , 0.554814370396
71 , 0.056 , 0.103055527778 , 0.0470555277778 , 0.554053059696
72 , 0.036667 , 0.10214609589 , 0.0654790958904 , 0.553312606823
73 , 0.044 , 0.10179277027 , 0.0577927702703 , 0.552592166191
74 , 0.058667 , 0.101253306667 , 0.0425863066667 , 0.551890937308
75 , 0.051333 , 0.100798223684 , 0.0494652236842 , 0.551208161817
76 , 0.061333 , 0.100285688312 , 0.0389526883117 , 0.550543120755
77 , 0.050667 , 0.0999401410256 , 0.0492731410256 , 0.549895132027
78 , 0.058667 , 0.099535835443 , 0.040868835443 , 0.549263548077
79 , 0.051333 , 0.0991583 , 0.0478253 , 0.548647753726
80 , 0.061333 , 0.0987242469136 , 0.0373912469136 , 0.548047164174
81 , 0.061333 , 0.0982845243902 , 0.0369515243902 , 0.547461223148
82 , 0.051333 , 0.0977911325301 , 0.0464581325301 , 0.546889401182
83 , 0.036667 , 0.0972301309524 , 0.0605631309524 , 0.546331194025
84 , 0.064 , 0.0968391882353 , 0.0328391882353 , 0.545786121154
85 , 0.058667 , 0.0964573372093 , 0.0377903372093 , 0.545253724397
86 , 0.036667 , 0.0960382873563 , 0.0593712873563 , 0.544733566645
87 , 0.044 , 0.0955833068182 , 0.0515833068182 , 0.54422523066
88 , 0.044 , 0.0953183258427 , 0.0513183258427 , 0.543728317956
89 , 0.051333 , 0.0949999777778 , 0.0436669777778 , 0.543242447757
90 , 0.062667 , 0.0946593186813 , 0.0319923186813 , 0.542767256023
91 , 0.054667 , 0.0942246195652 , 0.0395576195652 , 0.542302394545
92 , 0.053333 , 0.0939426344086 , 0.0406096344086 , 0.541847530087
93 , 0.044 , 0.0934822553191 , 0.0494822553191 , 0.541402343597
94 , 0.058667 , 0.0931859473684 , 0.0345189473684 , 0.540966529454
95 , 0.053333 , 0.0927708125 , 0.0394378125 , 0.540539794772
96 , 0.057333 , 0.0924054742268 , 0.0350724742268 , 0.540121858743
97 , 0.051333 , 0.0920475918367 , 0.0407145918367 , 0.539712452022
98 , 0.061333 , 0.0917373434343 , 0.0304043434343 , 0.539311316143
99 , 0.058667 , 0.09140664 , 0.03273964 , 0.538918202981
0 , 0.068 , 0.559333 , 0.491333 , 4.39182029811
1 , 0.076 , 0.3176665 , 0.2416665 , 2.44591014906
2 , 0.082667 , 0.268222 , 0.185555 , 1.7972734327
3 , 0.073333 , 0.30933325 , 0.23600025 , 1.47295507453
4 , 0.081333 , 0.264 , 0.182667 , 1.27836405962
5 , 0.076 , 0.232666666667 , 0.156666666667 , 1.14863671635
6 , 0.066667 , 0.220381 , 0.153714 , 1.0559743283
7 , 0.066667 , 0.202833375 , 0.136166375 , 0.986477537264
8 , 0.074667 , 0.189481555556 , 0.114814555556 , 0.932424477568
9 , 0.072 , 0.1781334 , 0.1061334 , 0.889182029811
10 , 0.070667 , 0.180606090909 , 0.109939090909 , 0.853801845283
11 , 0.073333 , 0.172555583333 , 0.0992225833333 , 0.824318358176
12 , 0.068 , 0.164512846154 , 0.0965128461538 , 0.799370792162
13 , 0.076 , 0.164095285714 , 0.0880952857143 , 0.777987164151
14 , 0.074667 , 0.1581334 , 0.0834664 , 0.759454686541
15 , 0.074667 , 0.15291675 , 0.07824975 , 0.743238768632
16 , 0.058667 , 0.148549117647 , 0.0898821176471 , 0.728930605771
17 , 0.070667 , 0.144370444444 , 0.0737034444444 , 0.716212238784
18 , 0.066 , 0.140245684211 , 0.0742456842105 , 0.704832647269
19 , 0.074667 , 0.13696675 , 0.06229975 , 0.694591014906
20 , 0.072 , 0.139111190476 , 0.0671111904762 , 0.685324776101
21 , 0.069333 , 0.136303090909 , 0.0669700909091 , 0.676900922641
22 , 0.072 , 0.136927608696 , 0.0649276086957 , 0.669209578179
23 , 0.064 , 0.134055625 , 0.070055625 , 0.662159179088
24 , 0.072 , 0.1315734 , 0.0595734 , 0.655672811924
25 , 0.065333 , 0.129487230769 , 0.0641542307692 , 0.649685396081
26 , 0.073333 , 0.130172888889 , 0.0568398888889 , 0.644141492523
27 , 0.066 , 0.130952428571 , 0.0649524285714 , 0.638993582075
28 , 0.058667 , 0.131402344828 , 0.0727353448276 , 0.634200699935
29 , 0.073333 , 0.1294667 , 0.0561337 , 0.62972734327
30 , 0.064 , 0.127828 , 0.063828 , 0.625542590262
31 , 0.057333 , 0.12562503125 , 0.06829203125 , 0.621619384316
32 , 0.069333 , 0.123919212121 , 0.0545862121212 , 0.617933948428
33 , 0.068 , 0.124313735294 , 0.0563137352941 , 0.614465302886
34 , 0.064 , 0.122590485714 , 0.0585904857143 , 0.61119486566
35 , 0.056 , 0.12074075 , 0.06474075 , 0.608106119392
36 , 0.061333 , 0.120972972973 , 0.059639972973 , 0.605184332381
37 , 0.058667 , 0.119614026316 , 0.0609470263158 , 0.602416323634
38 , 0.06 , 0.118222205128 , 0.0582222051282 , 0.599790264054
39 , 0.068 , 0.118699975 , 0.050699975 , 0.597295507453
40 , 0.061333 , 0.119024365854 , 0.0576913658537 , 0.594922446295
41 , 0.051333 , 0.11761902381 , 0.0662860238095 , 0.59266238805
42 , 0.061333 , 0.116465093023 , 0.0551320930233 , 0.590507448793
43 , 0.044 , 0.115333318182 , 0.0713333181818 , 0.588450461321
44 , 0.062667 , 0.114251844444 , 0.0515848444444 , 0.586484895514
45 , 0.062667 , 0.113130434783 , 0.0504634347826 , 0.584604789089
46 , 0.058667 , 0.112226957447 , 0.0535599574468 , 0.582804687194
47 , 0.066667 , 0.111277791667 , 0.0446107916667 , 0.581079589544
48 , 0.066 , 0.110367367347 , 0.0443673673469 , 0.579424904043
49 , 0.058667 , 0.10946668 , 0.05079968 , 0.577836405962
50 , 0.061333 , 0.108522882353 , 0.0471898823529 , 0.576310201924
51 , 0.06 , 0.107717961538 , 0.0477179615385 , 0.574842698041
52 , 0.056 , 0.106742150943 , 0.0507421509434 , 0.573430571662
53 , 0.058667 , 0.107753092593 , 0.0490860925926 , 0.572070746261
54 , 0.058667 , 0.106860618182 , 0.0481936181818 , 0.570760369057
55 , 0.064 , 0.106142875 , 0.042142875 , 0.569496791038
56 , 0.044 , 0.105286561404 , 0.0612865614035 , 0.56827754909
57 , 0.029333 , 0.104735637931 , 0.075402637931 , 0.567100349967
58 , 0.061333 , 0.104451983051 , 0.0431189830508 , 0.5659630559
59 , 0.044 , 0.1038889 , 0.0598889 , 0.564863671635
60 , 0.036667 , 0.103256836066 , 0.0665898360656 , 0.563800332756
61 , 0.058667 , 0.10260216129 , 0.0439351612903 , 0.562771295131
62 , 0.054667 , 0.102201063492 , 0.0475340634921 , 0.561774925367
63 , 0.058667 , 0.10264584375 , 0.04397884375 , 0.560809692158
64 , 0.054667 , 0.102235907692 , 0.0475689076923 , 0.559874158432
65 , 0.051333 , 0.101474757576 , 0.0501417575758 , 0.558966974214
66 , 0.056 , 0.100796029851 , 0.0447960298507 , 0.558086870121
67 , 0.057333 , 0.100156867647 , 0.0428238676471 , 0.557232651443
68 , 0.044 , 0.099652173913 , 0.055652173913 , 0.556403192726
69 , 0.054667 , 0.0994857142857 , 0.0448187142857 , 0.55559743283
70 , 0.058667 , 0.0990234788732 , 0.0403564788732 , 0.554814370396
71 , 0.029333 , 0.0986296388889 , 0.0692966388889 , 0.554053059696
72 , 0.058667 , 0.0981187260274 , 0.0394517260274 , 0.553312606823
73 , 0.062667 , 0.0976396486486 , 0.0349726486486 , 0.552592166191
74 , 0.06 , 0.0971377866667 , 0.0371377866667 , 0.551890937308
75 , 0.052 , 0.0967719342105 , 0.0447719342105 , 0.551208161817
76 , 0.044 , 0.0971774935065 , 0.0531774935065 , 0.550543120755
77 , 0.057333 , 0.0968547051282 , 0.0395217051282 , 0.549895132027
78 , 0.06 , 0.0963881898734 , 0.0363881898734 , 0.549263548077
79 , 0.06 , 0.096 , 0.036 , 0.548647753726
80 , 0.053333 , 0.0954732469136 , 0.0421402469136 , 0.548047164174
81 , 0.051333 , 0.0950731707317 , 0.0437401707317 , 0.547461223148
82 , 0.051333 , 0.0946987951807 , 0.0433657951807 , 0.546889401182
83 , 0.058667 , 0.0944285714286 , 0.0357615714286 , 0.546331194025
84 , 0.051333 , 0.0941176470588 , 0.0427846470588 , 0.545786121154
85 , 0.058667 , 0.0937364302326 , 0.0350694302326 , 0.545253724397
86 , 0.050667 , 0.0932413793103 , 0.0425743793103 , 0.544733566645
87 , 0.036667 , 0.0930303068182 , 0.0563633068182 , 0.54422523066
88 , 0.058667 , 0.0926741573034 , 0.0340071573034 , 0.543728317956
89 , 0.044 , 0.0925185222222 , 0.0485185222222 , 0.543242447757
90 , 0.053333 , 0.0922783956044 , 0.0389453956044 , 0.542767256023
91 , 0.06 , 0.0919275434783 , 0.0319275434783 , 0.542302394545
92 , 0.061333 , 0.0915985698925 , 0.0302655698925 , 0.541847530087
93 , 0.056 , 0.0912198617021 , 0.0352198617021 , 0.541402343597
94 , 0.057333 , 0.0908631578947 , 0.0335301578947 , 0.540966529454
95 , 0.051333 , 0.0906111145833 , 0.0392781145833 , 0.540539794772
96 , 0.049333 , 0.0903367731959 , 0.0410037731959 , 0.540121858743
97 , 0.06 , 0.0900408163265 , 0.0300408163265 , 0.539712452022
98 , 0.052 , 0.0898720505051 , 0.0378720505051 , 0.539311316143
99 , 0.054667 , 0.08952 , 0.034853 , 0.538918202981
0 , 0.064 , 0.064 , 0.0 , 4.39182029811
1 , 0.0686665 , 0.0686665 , 0.0 , 2.44591014906
2 , 0.065333 , 0.173777666667 , 0.108444666667 , 1.7972734327
3 , 0.08 , 0.15033325 , 0.07033325 , 1.47295507453
4 , 0.073333 , 0.1892 , 0.115867 , 1.27836405962
5 , 0.073333 , 0.2114445 , 0.1381115 , 1.14863671635
6 , 0.08 , 0.192666714286 , 0.112666714286 , 1.0559743283
7 , 0.069333 , 0.19975 , 0.130417 , 0.986477537264
8 , 0.072 , 0.195333333333 , 0.123333333333 , 0.932424477568
9 , 0.068 , 0.1843333 , 0.1163333 , 0.889182029811
10 , 0.064 , 0.199454545455 , 0.135454545455 , 0.853801845283
11 , 0.068 , 0.188833333333 , 0.120833333333 , 0.824318358176
12 , 0.066667 , 0.187846153846 , 0.121179153846 , 0.799370792162
13 , 0.069333 , 0.185285714286 , 0.115952714286 , 0.777987164151
14 , 0.072 , 0.1797778 , 0.1077778 , 0.759454686541
15 , 0.072 , 0.1730416875 , 0.1010416875 , 0.743238768632
16 , 0.066667 , 0.171647058824 , 0.104980058824 , 0.728930605771
17 , 0.073333 , 0.170629611111 , 0.0972966111111 , 0.716212238784
18 , 0.073333 , 0.165508736842 , 0.0921757368421 , 0.704832647269
19 , 0.068 , 0.16076665 , 0.09276665 , 0.694591014906
20 , 0.065333 , 0.157238095238 , 0.0919050952381 , 0.685324776101
21 , 0.076 , 0.153757590909 , 0.0777575909091 , 0.676900922641
22 , 0.064 , 0.150434782609 , 0.0864347826087 , 0.669209578179
23 , 0.066 , 0.146944458333 , 0.0809444583333 , 0.662159179088
24 , 0.062667 , 0.14405336 , 0.08138636 , 0.655672811924
25 , 0.069333 , 0.1411795 , 0.0718465 , 0.649685396081
26 , 0.062667 , 0.138765444444 , 0.0760984444444 , 0.644141492523
27 , 0.069333 , 0.136285714286 , 0.0669527142857 , 0.638993582075
28 , 0.069333 , 0.133977 , 0.064644 , 0.634200699935
29 , 0.062667 , 0.1316 , 0.068933 , 0.62972734327
30 , 0.053333 , 0.130107516129 , 0.076774516129 , 0.625542590262
31 , 0.068 , 0.12816665625 , 0.06016665625 , 0.621619384316
32 , 0.065333 , 0.126343424242 , 0.0610104242424 , 0.617933948428
33 , 0.069333 , 0.124823529412 , 0.0554905294118 , 0.614465302886
34 , 0.065333 , 0.125180942857 , 0.0598479428571 , 0.61119486566
35 , 0.061333 , 0.123777777778 , 0.0624447777778 , 0.608106119392
36 , 0.066 , 0.122594594595 , 0.0565945945946 , 0.605184332381
37 , 0.058667 , 0.122771921053 , 0.0641049210526 , 0.602416323634
38 , 0.066667 , 0.123282051282 , 0.0566150512821 , 0.599790264054
39 , 0.061333 , 0.121733325 , 0.060400325 , 0.597295507453
40 , 0.061333 , 0.120260146341 , 0.0589271463415 , 0.594922446295
41 , 0.068 , 0.119111095238 , 0.0511110952381 , 0.59266238805
42 , 0.066667 , 0.117984488372 , 0.0513174883721 , 0.590507448793
43 , 0.062667 , 0.116727272727 , 0.0540602727273 , 0.588450461321
44 , 0.065333 , 0.117155555556 , 0.0518225555556 , 0.586484895514
45 , 0.057333 , 0.115855065217 , 0.0585220652174 , 0.584604789089
46 , 0.064 , 0.116156021277 , 0.0521560212766 , 0.582804687194
47 , 0.044 , 0.115125 , 0.071125 , 0.581079589544
48 , 0.049333 , 0.113782306122 , 0.0644493061224 , 0.579424904043
49 , 0.065333 , 0.11428 , 0.048947 , 0.577836405962
50 , 0.06 , 0.113477117647 , 0.0534771176471 , 0.576310201924
51 , 0.064 , 0.112525634615 , 0.0485256346154 , 0.574842698041
52 , 0.058667 , 0.111710679245 , 0.0530436792453 , 0.573430571662
53 , 0.064 , 0.110925907407 , 0.0469259074074 , 0.572070746261
54 , 0.062667 , 0.1102424 , 0.0475754 , 0.570760369057
55 , 0.057333 , 0.109464267857 , 0.0521312678571 , 0.569496791038
56 , 0.064 , 0.108783614035 , 0.0447836140351 , 0.56827754909
57 , 0.036667 , 0.108126431034 , 0.0714594310345 , 0.567100349967
58 , 0.036667 , 0.107514118644 , 0.0708471186441 , 0.5659630559
59 , 0.051333 , 0.106944433333 , 0.0556114333333 , 0.564863671635
60 , 0.058667 , 0.106153 , 0.047486 , 0.563800332756
61 , 0.050667 , 0.105516129032 , 0.0548491290323 , 0.562771295131
62 , 0.044 , 0.10489947619 , 0.0608994761905 , 0.561774925367
63 , 0.054667 , 0.10442709375 , 0.04976009375 , 0.560809692158
64 , 0.062667 , 0.103784630769 , 0.0411176307692 , 0.559874158432
65 , 0.054667 , 0.103212136364 , 0.0485451363636 , 0.558966974214
66 , 0.058667 , 0.102547283582 , 0.0438802835821 , 0.558086870121
67 , 0.036667 , 0.102000014706 , 0.0653330147059 , 0.557232651443
68 , 0.058667 , 0.101391318841 , 0.0427243188406 , 0.556403192726
69 , 0.051333 , 0.100761914286 , 0.0494289142857 , 0.55559743283
70 , 0.056 , 0.100338042254 , 0.0443380422535 , 0.554814370396
71 , 0.050667 , 0.0996481666667 , 0.0489811666667 , 0.554053059696
72 , 0.044 , 0.099196369863 , 0.055196369863 , 0.553312606823
73 , 0.057333 , 0.0987387567568 , 0.0414057567568 , 0.552592166191
74 , 0.057333 , 0.0991111333333 , 0.0417781333333 , 0.551890937308
75 , 0.061333 , 0.0988684473684 , 0.0375354473684 , 0.551208161817
76 , 0.057333 , 0.098329025974 , 0.040996025974 , 0.550543120755
77 , 0.053333 , 0.0977521538462 , 0.0444191538462 , 0.549895132027
78 , 0.044 , 0.0970717468354 , 0.0530717468354 , 0.549263548077
79 , 0.036667 , 0.09675835 , 0.06009135 , 0.548647753726
80 , 0.061333 , 0.0964691481481 , 0.0351361481481 , 0.548047164174
81 , 0.048 , 0.0958780609756 , 0.0478780609756 , 0.547461223148
82 , 0.058667 , 0.0955100481928 , 0.0368430481928 , 0.546889401182
83 , 0.029333 , 0.095150797619 , 0.065817797619 , 0.546331194025
84 , 0.056 , 0.0948156941176 , 0.0388156941176 , 0.545786121154
85 , 0.054667 , 0.0945038837209 , 0.0398368837209 , 0.545253724397
86 , 0.056 , 0.0940613103448 , 0.0380613103448 , 0.544733566645
87 , 0.058667 , 0.0937197045455 , 0.0350527045455 , 0.54422523066
88 , 0.044 , 0.0933707977528 , 0.0493707977528 , 0.543728317956
89 , 0.036667 , 0.0930740888889 , 0.0564070888889 , 0.543242447757
90 , 0.036667 , 0.0927839010989 , 0.0561169010989 , 0.542767256023
91 , 0.052 , 0.0926521956522 , 0.0406521956522 , 0.542302394545
92 , 0.051333 , 0.0924014516129 , 0.0410684516129 , 0.541847530087
93 , 0.044 , 0.0921134893617 , 0.0481134893617 , 0.541402343597
94 , 0.057333 , 0.0917473789474 , 0.0344143789474 , 0.540966529454
95 , 0.06 , 0.0914166770833 , 0.0314166770833 , 0.540539794772
96 , 0.061333 , 0.0911202886598 , 0.0297872886598 , 0.540121858743
97 , 0.056 , 0.0908979693878 , 0.0348979693878 , 0.539712452022
98 , 0.058667 , 0.0905858686869 , 0.0319188686869 , 0.539311316143
99 , 0.051333 , 0.09026668 , 0.03893368 , 0.538918202981
0 , 0.068 , 0.587333 , 0.519333 , 4.39182029811
1 , 0.069333 , 0.509333 , 0.44 , 2.44591014906
2 , 0.061333 , 0.482222 , 0.420889 , 1.7972734327
3 , 0.065333 , 0.38033325 , 0.31500025 , 1.47295507453
4 , 0.072 , 0.3570666 , 0.2850666 , 1.27836405962
5 , 0.070667 , 0.337888833333 , 0.267221833333 , 1.14863671635
6 , 0.077333 , 0.300666571429 , 0.223333571429 , 1.0559743283
7 , 0.074667 , 0.272416625 , 0.197749625 , 0.986477537264
8 , 0.062667 , 0.279555555556 , 0.216888555556 , 0.932424477568
9 , 0.073333 , 0.2664 , 0.193067 , 0.889182029811
10 , 0.073333 , 0.249454545455 , 0.176121545455 , 0.853801845283
11 , 0.076 , 0.242111083333 , 0.166111083333 , 0.824318358176
12 , 0.073333 , 0.242102538462 , 0.168769538462 , 0.799370792162
13 , 0.068 , 0.229761857143 , 0.161761857143 , 0.777987164151
14 , 0.069333 , 0.221777733333 , 0.152444733333 , 0.759454686541
15 , 0.076 , 0.212916625 , 0.136916625 , 0.743238768632
16 , 0.068 , 0.209098 , 0.141098 , 0.728930605771
17 , 0.074667 , 0.2065185 , 0.1318515 , 0.716212238784
18 , 0.069333 , 0.199649105263 , 0.130316105263 , 0.704832647269
19 , 0.066667 , 0.1937333 , 0.1270663 , 0.694591014906
20 , 0.064 , 0.18755552381 , 0.12355552381 , 0.685324776101
21 , 0.062667 , 0.182848454545 , 0.120181454545 , 0.676900922641
22 , 0.074667 , 0.181594173913 , 0.106927173913 , 0.669209578179
23 , 0.070667 , 0.179972208333 , 0.109305208333 , 0.662159179088
24 , 0.069333 , 0.17858664 , 0.10925364 , 0.655672811924
25 , 0.068 , 0.174589730769 , 0.106589730769 , 0.649685396081
26 , 0.064 , 0.17098762963 , 0.10698762963 , 0.644141492523
27 , 0.065333 , 0.167261892857 , 0.101928892857 , 0.638993582075
28 , 0.062667 , 0.164068965517 , 0.101401965517 , 0.634200699935
29 , 0.066667 , 0.1609111 , 0.0942441 , 0.62972734327
30 , 0.068 , 0.158 , 0.09 , 0.625542590262
31 , 0.064 , 0.1550625 , 0.0910625 , 0.621619384316
32 , 0.062667 , 0.152787878788 , 0.0901208787879 , 0.617933948428
33 , 0.06 , 0.150058823529 , 0.0900588235294 , 0.614465302886
34 , 0.058667 , 0.147904771429 , 0.0892377714286 , 0.61119486566
35 , 0.064 , 0.145574083333 , 0.0815740833333 , 0.608106119392
36 , 0.064 , 0.145243243243 , 0.0812432432432 , 0.605184332381
37 , 0.050667 , 0.142754394737 , 0.0920873947368 , 0.602416323634
38 , 0.051333 , 0.142324794872 , 0.0909917948718 , 0.599790264054
39 , 0.058667 , 0.14258335 , 0.08391635 , 0.597295507453
40 , 0.066667 , 0.140731731707 , 0.0740647317073 , 0.594922446295
41 , 0.058667 , 0.139095261905 , 0.0804282619048 , 0.59266238805
42 , 0.072 , 0.137596930233 , 0.0655969302326 , 0.590507448793
43 , 0.065333 , 0.135984886364 , 0.0706518863636 , 0.588450461321
44 , 0.064 , 0.134385222222 , 0.0703852222222 , 0.586484895514
45 , 0.061333 , 0.132971043478 , 0.0716380434783 , 0.584604789089
46 , 0.061333 , 0.131446829787 , 0.0701138297872 , 0.582804687194
47 , 0.065333 , 0.130069458333 , 0.0647364583333 , 0.581079589544
48 , 0.036667 , 0.128938795918 , 0.0922717959184 , 0.579424904043
49 , 0.064 , 0.12788002 , 0.06388002 , 0.577836405962
50 , 0.051333 , 0.127529431373 , 0.0761964313725 , 0.576310201924
51 , 0.051333 , 0.126064115385 , 0.0747311153846 , 0.574842698041
52 , 0.058667 , 0.124817622642 , 0.0661506226415 , 0.573430571662
53 , 0.044 , 0.123888907407 , 0.0798889074074 , 0.572070746261
54 , 0.051333 , 0.122824254545 , 0.0714912545455 , 0.570760369057
55 , 0.044 , 0.121750017857 , 0.0777500178571 , 0.569496791038
56 , 0.058667 , 0.120643298246 , 0.0619762982456 , 0.56827754909
57 , 0.036667 , 0.119712672414 , 0.0830456724138 , 0.567100349967
58 , 0.06 , 0.118926576271 , 0.0589265762712 , 0.5659630559
59 , 0.036667 , 0.118144466667 , 0.0814774666667 , 0.564863671635
60 , 0.044 , 0.117497295082 , 0.073497295082 , 0.563800332756
61 , 0.064 , 0.116634435484 , 0.0526344354839 , 0.562771295131
62 , 0.061333 , 0.115756634921 , 0.0544236349206 , 0.561774925367
63 , 0.062667 , 0.114927109375 , 0.052260109375 , 0.560809692158
64 , 0.051333 , 0.114225661538 , 0.0628926615385 , 0.559874158432
65 , 0.058667 , 0.113383863636 , 0.0547168636364 , 0.558966974214
66 , 0.064 , 0.112646791045 , 0.0486467910448 , 0.558086870121
67 , 0.058667 , 0.111892176471 , 0.0532251764706 , 0.557232651443
68 , 0.065333 , 0.11123673913 , 0.0459037391304 , 0.556403192726
69 , 0.061333 , 0.110523828571 , 0.0491908285714 , 0.55559743283
70 , 0.036667 , 0.109483591549 , 0.0728165915493 , 0.554814370396
71 , 0.051333 , 0.108814833333 , 0.0574818333333 , 0.554053059696
72 , 0.051333 , 0.108091342466 , 0.0567583424658 , 0.553312606823
73 , 0.056 , 0.107387405405 , 0.0513874054054 , 0.552592166191
74 , 0.029333 , 0.106773346667 , 0.0774403466667 , 0.551890937308
75 , 0.061333 , 0.106236855263 , 0.0449038552632 , 0.551208161817
76 , 0.050667 , 0.105844168831 , 0.0551771688312 , 0.550543120755
77 , 0.036667 , 0.105478641026 , 0.0688116410256 , 0.549895132027
78 , 0.06 , 0.104953594937 , 0.0449535949367 , 0.549263548077
79 , 0.051333 , 0.1044750125 , 0.0531420125 , 0.548647753726
80 , 0.058667 , 0.103942395062 , 0.0452753950617 , 0.548047164174
81 , 0.036667 , 0.103634158537 , 0.0669671585366 , 0.547461223148
82 , 0.058667 , 0.103092385542 , 0.0444253855422 , 0.546889401182
83 , 0.061333 , 0.102611130952 , 0.0412781309524 , 0.546331194025
84 , 0.056 , 0.102172564706 , 0.0461725647059 , 0.545786121154
85 , 0.061333 , 0.101697686047 , 0.0403646860465 , 0.545253724397
86 , 0.054667 , 0.101157103448 , 0.0464901034483 , 0.544733566645
87 , 0.057333 , 0.100810625 , 0.043477625 , 0.54422523066
88 , 0.044 , 0.100486910112 , 0.0564869101124 , 0.543728317956
89 , 0.06 , 0.100037055556 , 0.0400370555556 , 0.543242447757
90 , 0.06 , 0.100285736264 , 0.0402857362637 , 0.542767256023
91 , 0.057333 , 0.0998188586957 , 0.0424858586957 , 0.542302394545
92 , 0.051333 , 0.0994623870968 , 0.0481293870968 , 0.541847530087
93 , 0.051333 , 0.0990567553191 , 0.0477237553191 , 0.541402343597
94 , 0.045333 , 0.0988140526316 , 0.0534810526316 , 0.540966529454
95 , 0.029333 , 0.098548625 , 0.069215625 , 0.540539794772
96 , 0.058667 , 0.0982061958763 , 0.0395391958763 , 0.540121858743
97 , 0.054667 , 0.0977619183673 , 0.0430949183673 , 0.539712452022
98 , 0.056 , 0.0973400808081 , 0.0413400808081 , 0.539311316143
99 , 0.022 , 0.09706001 , 0.07506001 , 0.538918202981
0 , 0.062667 , 0.550667 , 0.488 , 4.39182029811
1 , 0.068 , 0.3093335 , 0.2413335 , 2.44591014906
2 , 0.08 , 0.36 , 0.28 , 1.7972734327
3 , 0.069333 , 0.28766675 , 0.21833375 , 1.47295507453
4 , 0.066667 , 0.2464 , 0.179733 , 1.27836405962
5 , 0.077333 , 0.259222166667 , 0.181889166667 , 1.14863671635
6 , 0.076 , 0.263428571429 , 0.187428571429 , 1.0559743283
7 , 0.070667 , 0.239333375 , 0.168666375 , 0.986477537264
8 , 0.070667 , 0.229629666667 , 0.158962666667 , 0.932424477568
9 , 0.069333 , 0.2157334 , 0.1464004 , 0.889182029811
10 , 0.064 , 0.204242454545 , 0.140242454545 , 0.853801845283
11 , 0.076 , 0.207611166667 , 0.131611166667 , 0.824318358176
12 , 0.072 , 0.198000076923 , 0.126000076923 , 0.799370792162
13 , 0.069333 , 0.190047714286 , 0.120714714286 , 0.777987164151
14 , 0.061333 , 0.195644533333 , 0.134311533333 , 0.759454686541
15 , 0.068 , 0.18816675 , 0.12016675 , 0.743238768632
16 , 0.06 , 0.185568705882 , 0.125568705882 , 0.728930605771
17 , 0.070667 , 0.183703777778 , 0.113036777778 , 0.716212238784
18 , 0.072 , 0.181894789474 , 0.109894789474 , 0.704832647269
19 , 0.058667 , 0.1770667 , 0.1183997 , 0.694591014906
20 , 0.068 , 0.172000047619 , 0.104000047619 , 0.685324776101
21 , 0.068 , 0.171272772727 , 0.103272772727 , 0.676900922641
22 , 0.069333 , 0.166840608696 , 0.0975076086957 , 0.669209578179
23 , 0.070667 , 0.163555583333 , 0.0928885833333 , 0.662159179088
24 , 0.057333 , 0.16016004 , 0.10282704 , 0.655672811924
25 , 0.061333 , 0.156359 , 0.095026 , 0.649685396081
26 , 0.070667 , 0.153283962963 , 0.082616962963 , 0.644141492523
27 , 0.058667 , 0.150380964286 , 0.0917139642857 , 0.638993582075
28 , 0.066 , 0.147632206897 , 0.0816322068966 , 0.634200699935
29 , 0.06 , 0.144711133333 , 0.0847111333333 , 0.62972734327
30 , 0.051333 , 0.142279580645 , 0.0909465806452 , 0.625542590262
31 , 0.065333 , 0.1401666875 , 0.0748336875 , 0.621619384316
32 , 0.069333 , 0.138020212121 , 0.0686872121212 , 0.617933948428
33 , 0.066667 , 0.135921588235 , 0.0692545882353 , 0.614465302886
34 , 0.044 , 0.133295257143 , 0.0892952571429 , 0.61119486566
35 , 0.064 , 0.131370388889 , 0.0673703888889 , 0.608106119392
36 , 0.065333 , 0.129585594595 , 0.0642525945946 , 0.605184332381
37 , 0.065333 , 0.129684210526 , 0.0643512105263 , 0.602416323634
38 , 0.062667 , 0.127965820513 , 0.0652988205128 , 0.599790264054
39 , 0.061333 , 0.128 , 0.066667 , 0.597295507453
40 , 0.054667 , 0.126829268293 , 0.0721622682927 , 0.594922446295
41 , 0.058667 , 0.125460309524 , 0.0667933095238 , 0.59266238805
42 , 0.057333 , 0.124279069767 , 0.0669460697674 , 0.590507448793
43 , 0.06 , 0.123212113636 , 0.0632121136364 , 0.588450461321
44 , 0.065333 , 0.121925911111 , 0.0565929111111 , 0.586484895514
45 , 0.036667 , 0.120811586957 , 0.0841445869565 , 0.584604789089
46 , 0.054667 , 0.120085106383 , 0.065418106383 , 0.582804687194
47 , 0.053333 , 0.119277770833 , 0.0659447708333 , 0.581079589544
48 , 0.066 , 0.118204081633 , 0.0522040816327 , 0.579424904043
49 , 0.064 , 0.11712 , 0.05312 , 0.577836405962
50 , 0.058667 , 0.117464058824 , 0.0587970588235 , 0.576310201924
51 , 0.058667 , 0.116538461538 , 0.0578714615385 , 0.574842698041
52 , 0.051333 , 0.115547169811 , 0.0642141698113 , 0.573430571662
53 , 0.061333 , 0.114543203704 , 0.0532102037037 , 0.572070746261
54 , 0.058667 , 0.1137212 , 0.0550542 , 0.570760369057
55 , 0.056 , 0.113976178571 , 0.0579761785714 , 0.569496791038
56 , 0.061333 , 0.113052614035 , 0.0517196140351 , 0.56827754909
57 , 0.029333 , 0.112390793103 , 0.0830577931034 , 0.567100349967
58 , 0.058667 , 0.111502813559 , 0.0528358135593 , 0.5659630559
59 , 0.058667 , 0.11066665 , 0.05199965 , 0.564863671635
60 , 0.051333 , 0.11108195082 , 0.0597489508197 , 0.563800332756
61 , 0.044 , 0.110451596774 , 0.0664515967742 , 0.562771295131
62 , 0.06 , 0.109978825397 , 0.0499788253968 , 0.561774925367
63 , 0.064 , 0.110302078125 , 0.046302078125 , 0.560809692158
64 , 0.064 , 0.109630769231 , 0.0456307692308 , 0.559874158432
65 , 0.061333 , 0.108898984848 , 0.0475659848485 , 0.558966974214
66 , 0.044 , 0.108328358209 , 0.064328358209 , 0.558086870121
67 , 0.051333 , 0.107656867647 , 0.0563238676471 , 0.557232651443
68 , 0.044 , 0.10702415942 , 0.0630241594203 , 0.556403192726
69 , 0.051333 , 0.106352385714 , 0.0550193857143 , 0.55559743283
70 , 0.052 , 0.105924887324 , 0.0539248873239 , 0.554814370396
71 , 0.054667 , 0.105472222222 , 0.0508052222222 , 0.554053059696
72 , 0.062667 , 0.104885849315 , 0.0422188493151 , 0.553312606823
73 , 0.044 , 0.104279283784 , 0.0602792837838 , 0.552592166191
74 , 0.036667 , 0.103706666667 , 0.0670396666667 , 0.551890937308
75 , 0.06 , 0.103131578947 , 0.0431315789474 , 0.551208161817
76 , 0.057333 , 0.102536792208 , 0.0452037922078 , 0.550543120755
77 , 0.062667 , 0.102025641026 , 0.0393586410256 , 0.549895132027
78 , 0.058667 , 0.101476797468 , 0.0428097974684 , 0.549263548077
79 , 0.058667 , 0.101025 , 0.042358 , 0.548647753726
80 , 0.058667 , 0.100502061728 , 0.0418350617284 , 0.548047164174
81 , 0.053333 , 0.0999268292683 , 0.0465938292683 , 0.547461223148
82 , 0.058667 , 0.0994939759036 , 0.0408269759036 , 0.546889401182
83 , 0.057333 , 0.0991349166667 , 0.0418019166667 , 0.546331194025
84 , 0.056 , 0.0987529411765 , 0.0427529411765 , 0.545786121154
85 , 0.051333 , 0.0983333372093 , 0.0470003372093 , 0.545253724397
86 , 0.036667 , 0.0978467471264 , 0.0611797471264 , 0.544733566645
87 , 0.058667 , 0.0975530340909 , 0.0388860340909 , 0.54422523066
88 , 0.057333 , 0.0971011235955 , 0.0397681235955 , 0.543728317956
89 , 0.06 , 0.0967333333333 , 0.0367333333333 , 0.543242447757
90 , 0.06 , 0.0963296703297 , 0.0363296703297 , 0.542767256023
91 , 0.042667 , 0.0957463804348 , 0.0530793804348 , 0.542302394545
92 , 0.044 , 0.0954480322581 , 0.0514480322581 , 0.541847530087
93 , 0.057333 , 0.0951134787234 , 0.0377804787234 , 0.541402343597
94 , 0.049333 , 0.0949122842105 , 0.0455792842105 , 0.540966529454
95 , 0.056 , 0.0945069479167 , 0.0385069479167 , 0.540539794772
96 , 0.061333 , 0.0941787010309 , 0.0328457010309 , 0.540121858743
97 , 0.057333 , 0.0938027244898 , 0.0364697244898 , 0.539712452022
98 , 0.058667 , 0.0935151515152 , 0.0348481515152 , 0.539311316143
99 , 0.057333 , 0.09315333 , 0.03582033 , 0.538918202981
0 , 0.068 , 0.540667 , 0.472667 , 4.39182029811
1 , 0.064 , 0.4913335 , 0.4273335 , 2.44591014906
2 , 0.069333 , 0.377778 , 0.308445 , 1.7972734327
3 , 0.070667 , 0.3603335 , 0.2896665 , 1.47295507453
4 , 0.074667 , 0.3040002 , 0.2293332 , 1.27836405962
5 , 0.077333 , 0.266444666667 , 0.189111666667 , 1.14863671635
6 , 0.073333 , 0.279619285714 , 0.206286285714 , 1.0559743283
7 , 0.077333 , 0.272166875 , 0.194833875 , 0.986477537264
8 , 0.066667 , 0.258222444444 , 0.191555444444 , 0.932424477568
9 , 0.068 , 0.2592002 , 0.1912002 , 0.889182029811
10 , 0.066667 , 0.241697181818 , 0.175030181818 , 0.853801845283
11 , 0.070667 , 0.227444666667 , 0.156777666667 , 0.824318358176
12 , 0.065333 , 0.221436076923 , 0.156103076923 , 0.799370792162
13 , 0.065333 , 0.210285857143 , 0.144952857143 , 0.777987164151
14 , 0.076 , 0.201333466667 , 0.125333466667 , 0.759454686541
15 , 0.065333 , 0.1928334375 , 0.1275004375 , 0.743238768632
16 , 0.061333 , 0.185725588235 , 0.124392588235 , 0.728930605771
17 , 0.068 , 0.179777888889 , 0.111777888889 , 0.716212238784
18 , 0.08 , 0.174526421053 , 0.0945264210526 , 0.704832647269
19 , 0.074667 , 0.16986675 , 0.09519975 , 0.694591014906
20 , 0.062667 , 0.164762 , 0.102095 , 0.685324776101
21 , 0.073333 , 0.160606136364 , 0.0872731363636 , 0.676900922641
22 , 0.070667 , 0.15669573913 , 0.0860287391304 , 0.669209578179
23 , 0.066 , 0.15316675 , 0.08716675 , 0.662159179088
24 , 0.070667 , 0.15296008 , 0.08229308 , 0.655672811924
25 , 0.066667 , 0.152435961538 , 0.0857689615385 , 0.649685396081
26 , 0.054667 , 0.148814888889 , 0.0941478888889 , 0.644141492523
27 , 0.065333 , 0.146119107143 , 0.0807861071429 , 0.638993582075
28 , 0.062667 , 0.146988551724 , 0.0843215517241 , 0.634200699935
29 , 0.065333 , 0.144577833333 , 0.0792448333333 , 0.62972734327
30 , 0.066 , 0.144645225806 , 0.0786452258065 , 0.625542590262
31 , 0.065333 , 0.1423750625 , 0.0770420625 , 0.621619384316
32 , 0.058667 , 0.139919242424 , 0.0812522424242 , 0.617933948428
33 , 0.056 , 0.138176529412 , 0.0821765294118 , 0.614465302886
34 , 0.065333 , 0.136952428571 , 0.0716194285714 , 0.61119486566
35 , 0.064 , 0.135592638889 , 0.0715926388889 , 0.608106119392
36 , 0.068 , 0.133837891892 , 0.0658378918919 , 0.605184332381
37 , 0.058667 , 0.132456184211 , 0.0737891842105 , 0.602416323634
38 , 0.051333 , 0.130906025641 , 0.079573025641 , 0.599790264054
39 , 0.056 , 0.129033375 , 0.073033375 , 0.597295507453
40 , 0.06 , 0.127544756098 , 0.0675447560976 , 0.594922446295
41 , 0.066667 , 0.126222261905 , 0.0595552619048 , 0.59266238805
42 , 0.051333 , 0.126604697674 , 0.0752716976744 , 0.590507448793
43 , 0.061333 , 0.12512125 , 0.06378825 , 0.588450461321
44 , 0.044 , 0.123792622222 , 0.0797926222222 , 0.586484895514
45 , 0.036667 , 0.122840608696 , 0.0861736086957 , 0.584604789089
46 , 0.064 , 0.121588680851 , 0.0575886808511 , 0.582804687194
47 , 0.051333 , 0.120125020833 , 0.0687920208333 , 0.581079589544
48 , 0.062667 , 0.118952408163 , 0.0562854081633 , 0.579424904043
49 , 0.066667 , 0.1179867 , 0.0513197 , 0.577836405962
50 , 0.062667 , 0.116902 , 0.054235 , 0.576310201924
51 , 0.044 , 0.115987211538 , 0.0719872115385 , 0.574842698041
52 , 0.051333 , 0.115006320755 , 0.0636733207547 , 0.573430571662
53 , 0.064 , 0.114061759259 , 0.0500617592593 , 0.572070746261
54 , 0.06 , 0.113224272727 , 0.0532242727273 , 0.570760369057
55 , 0.06 , 0.112488125 , 0.052488125 , 0.569496791038
56 , 0.057333 , 0.11163745614 , 0.0543044561404 , 0.56827754909
57 , 0.029333 , 0.110931068966 , 0.0815980689655 , 0.567100349967
58 , 0.06 , 0.110293813559 , 0.0502938135593 , 0.5659630559
59 , 0.062667 , 0.109655583333 , 0.0469885833333 , 0.564863671635
60 , 0.056 , 0.108928983607 , 0.0529289836066 , 0.563800332756
61 , 0.058667 , 0.108118306452 , 0.0494513064516 , 0.562771295131
62 , 0.052 , 0.108433888889 , 0.0564338888889 , 0.561774925367
63 , 0.052 , 0.107552109375 , 0.055552109375 , 0.560809692158
64 , 0.051333 , 0.106943615385 , 0.0556106153846 , 0.559874158432
65 , 0.064 , 0.106323257576 , 0.0423232575758 , 0.558966974214
66 , 0.022 , 0.105791074627 , 0.0837910746269 , 0.558086870121
67 , 0.057333 , 0.105254926471 , 0.0479219264706 , 0.557232651443
68 , 0.061333 , 0.105545913043 , 0.0442129130435 , 0.556403192726
69 , 0.044 , 0.1049905 , 0.0609905 , 0.55559743283
70 , 0.058667 , 0.104338056338 , 0.045671056338 , 0.554814370396
71 , 0.044 , 0.103796319444 , 0.0597963194444 , 0.554053059696
72 , 0.058667 , 0.103379013699 , 0.0447120136986 , 0.553312606823
73 , 0.044 , 0.102792810811 , 0.0587928108108 , 0.552592166191
74 , 0.051333 , 0.102328906667 , 0.0509959066667 , 0.551890937308
75 , 0.06 , 0.101771947368 , 0.0417719473684 , 0.551208161817
76 , 0.062667 , 0.101298714286 , 0.0386317142857 , 0.550543120755
77 , 0.062667 , 0.100846166667 , 0.0381791666667 , 0.549895132027
78 , 0.051333 , 0.100362886076 , 0.0490298860759 , 0.549263548077
79 , 0.054667 , 0.0997916875 , 0.0451246875 , 0.548647753726
80 , 0.044 , 0.0992839753086 , 0.0552839753086 , 0.548047164174
81 , 0.058667 , 0.0989675 , 0.0403005 , 0.547461223148
82 , 0.058667 , 0.0985622650602 , 0.0398952650602 , 0.546889401182
83 , 0.056 , 0.0980555714286 , 0.0420555714286 , 0.546331194025
84 , 0.052 , 0.0975137411765 , 0.0455137411765 , 0.545786121154
85 , 0.049333 , 0.0969535 , 0.0476205 , 0.545253724397
86 , 0.051333 , 0.0966666781609 , 0.0453336781609 , 0.544733566645
87 , 0.061333 , 0.0963181931818 , 0.0349851931818 , 0.54422523066
88 , 0.051333 , 0.096000011236 , 0.044667011236 , 0.543728317956
89 , 0.036667 , 0.0953407555556 , 0.0586737555556 , 0.543242447757
90 , 0.036667 , 0.0950696153846 , 0.0584026153846 , 0.542767256023
91 , 0.058667 , 0.0946739347826 , 0.0360069347826 , 0.542302394545
92 , 0.036667 , 0.0940502043011 , 0.0573832043011 , 0.541847530087
93 , 0.036667 , 0.0937872553191 , 0.0571202553191 , 0.541402343597
94 , 0.036667 , 0.0934456315789 , 0.0567786315789 , 0.540966529454
95 , 0.052 , 0.09301390625 , 0.04101390625 , 0.540539794772
96 , 0.050667 , 0.0925773402062 , 0.0419103402062 , 0.540121858743
97 , 0.054667 , 0.0921905 , 0.0375235 , 0.539712452022
98 , 0.049333 , 0.0920404242424 , 0.0427074242424 , 0.539311316143
99 , 0.053333 , 0.09165335 , 0.03832035 , 0.538918202981
0 , 0.074667 , 0.403333 , 0.328666 , 4.39182029811
1 , 0.069333 , 0.457 , 0.387667 , 2.44591014906
2 , 0.078667 , 0.332666666667 , 0.253999666667 , 1.7972734327
3 , 0.070667 , 0.33566675 , 0.26499975 , 1.47295507453
4 , 0.072 , 0.346 , 0.274 , 1.27836405962
5 , 0.077333 , 0.3145555 , 0.2372225 , 1.14863671635
6 , 0.073333 , 0.291523714286 , 0.218190714286 , 1.0559743283
7 , 0.072 , 0.27358325 , 0.20158325 , 0.986477537264
8 , 0.062667 , 0.260370333333 , 0.197703333333 , 0.932424477568
9 , 0.070667 , 0.2424666 , 0.1717996 , 0.889182029811
10 , 0.076 , 0.227575727273 , 0.151575727273 , 0.853801845283
11 , 0.076 , 0.23327775 , 0.15727775 , 0.824318358176
12 , 0.069333 , 0.226512769231 , 0.157179769231 , 0.799370792162
13 , 0.078667 , 0.216047571429 , 0.137380571429 , 0.777987164151
14 , 0.068 , 0.206177733333 , 0.138177733333 , 0.759454686541
15 , 0.068 , 0.1982083125 , 0.1302083125 , 0.743238768632
16 , 0.077333 , 0.191098 , 0.113765 , 0.728930605771
17 , 0.057333 , 0.185296277778 , 0.127963277778 , 0.716212238784
18 , 0.078667 , 0.179754368421 , 0.101087368421 , 0.704832647269
19 , 0.070667 , 0.1743 , 0.103633 , 0.694591014906
20 , 0.072 , 0.173301571429 , 0.101301571429 , 0.685324776101
21 , 0.073333 , 0.169181818182 , 0.0958488181818 , 0.676900922641
22 , 0.064 , 0.164608695652 , 0.100608695652 , 0.669209578179
23 , 0.058667 , 0.160861125 , 0.102194125 , 0.662159179088
24 , 0.062667 , 0.16066668 , 0.09799968 , 0.655672811924
25 , 0.053333 , 0.158435923077 , 0.105102923077 , 0.649685396081
26 , 0.068 , 0.157802481481 , 0.0898024814815 , 0.644141492523
27 , 0.062667 , 0.155166678571 , 0.0924996785714 , 0.638993582075
28 , 0.068 , 0.152344827586 , 0.0843448275862 , 0.634200699935
29 , 0.064 , 0.151755566667 , 0.0877555666667 , 0.62972734327
30 , 0.072 , 0.151591419355 , 0.0795914193548 , 0.625542590262
31 , 0.064 , 0.1488541875 , 0.0848541875 , 0.621619384316
32 , 0.068 , 0.146565666667 , 0.0785656666667 , 0.617933948428
33 , 0.056 , 0.143901970588 , 0.0879019705882 , 0.614465302886
34 , 0.065333 , 0.142 , 0.076667 , 0.61119486566
35 , 0.06 , 0.139722222222 , 0.0797222222222 , 0.608106119392
36 , 0.06 , 0.137855864865 , 0.0778558648649 , 0.605184332381
37 , 0.061333 , 0.135842105263 , 0.0745091052632 , 0.602416323634
38 , 0.065333 , 0.136051282051 , 0.0707182820513 , 0.599790264054
39 , 0.061333 , 0.134183325 , 0.072850325 , 0.597295507453
40 , 0.049333 , 0.133024390244 , 0.0836913902439 , 0.594922446295
41 , 0.072 , 0.131571428571 , 0.0595714285714 , 0.59266238805
42 , 0.06 , 0.129906976744 , 0.0699069767442 , 0.590507448793
43 , 0.066 , 0.128681818182 , 0.0626818181818 , 0.588450461321
44 , 0.064 , 0.127244444444 , 0.0632444444444 , 0.586484895514
45 , 0.066 , 0.125913043478 , 0.0599130434783 , 0.584604789089
46 , 0.061333 , 0.124737595745 , 0.0634045957447 , 0.582804687194
47 , 0.058667 , 0.1235555625 , 0.0648885625 , 0.581079589544
48 , 0.062667 , 0.122312938776 , 0.0596459387755 , 0.579424904043
49 , 0.058667 , 0.12120002 , 0.06253302 , 0.577836405962
50 , 0.061333 , 0.120026156863 , 0.0586931568627 , 0.576310201924
51 , 0.065333 , 0.120256423077 , 0.0549234230769 , 0.574842698041
52 , 0.058667 , 0.119094358491 , 0.0604273584906 , 0.573430571662
53 , 0.058667 , 0.118197555556 , 0.0595305555556 , 0.572070746261
54 , 0.061333 , 0.117163654545 , 0.0558306545455 , 0.570760369057
55 , 0.044 , 0.116333357143 , 0.0723333571429 , 0.569496791038
56 , 0.065333 , 0.115438614035 , 0.0501056140351 , 0.56827754909
57 , 0.052 , 0.115471275862 , 0.0634712758621 , 0.567100349967
58 , 0.06 , 0.114531084746 , 0.0545310847458 , 0.5659630559
59 , 0.057333 , 0.113800016667 , 0.0564670166667 , 0.564863671635
60 , 0.058667 , 0.112983622951 , 0.0543166229508 , 0.563800332756
61 , 0.064 , 0.112193564516 , 0.0481935645161 , 0.562771295131
62 , 0.062667 , 0.111407428571 , 0.0487404285714 , 0.561774925367
63 , 0.036667 , 0.110770859375 , 0.074103859375 , 0.560809692158
64 , 0.044 , 0.110092338462 , 0.0660923384615 , 0.559874158432
65 , 0.053333 , 0.110404075758 , 0.0570710757576 , 0.558966974214
66 , 0.029333 , 0.109771179104 , 0.0804381791045 , 0.558086870121
67 , 0.066 , 0.1091765 , 0.0431765 , 0.557232651443
68 , 0.06 , 0.108463797101 , 0.0484637971014 , 0.556403192726
69 , 0.058667 , 0.107961928571 , 0.0492949285714 , 0.55559743283
70 , 0.051333 , 0.107455422535 , 0.0561224225352 , 0.554814370396
71 , 0.044 , 0.106870388889 , 0.0628703888889 , 0.554053059696
72 , 0.053333 , 0.106337917808 , 0.0530049178082 , 0.553312606823
73 , 0.062667 , 0.105819837838 , 0.0431528378378 , 0.552592166191
74 , 0.062667 , 0.10526224 , 0.04259524 , 0.551890937308
75 , 0.053333 , 0.104578960526 , 0.0512459605263 , 0.551208161817
76 , 0.022 , 0.104155857143 , 0.0821558571429 , 0.550543120755
77 , 0.056 , 0.103572666667 , 0.0475726666667 , 0.549895132027
78 , 0.04 , 0.104067531646 , 0.0640675316456 , 0.549263548077
79 , 0.029333 , 0.1036166875 , 0.0742836875 , 0.548647753726
80 , 0.061333 , 0.103152283951 , 0.0418192839506 , 0.548047164174
81 , 0.061333 , 0.102707341463 , 0.0413743414634 , 0.547461223148
82 , 0.058667 , 0.10217673494 , 0.0435097349398 , 0.546889401182
83 , 0.057333 , 0.101642880952 , 0.0443098809524 , 0.546331194025
84 , 0.058667 , 0.101184341176 , 0.0425173411765 , 0.545786121154
85 , 0.052 , 0.100813976744 , 0.0488139767442 , 0.545253724397
86 , 0.050667 , 0.100452126437 , 0.0497851264368 , 0.544733566645
87 , 0.051333 , 0.10002275 , 0.04868975 , 0.54422523066
88 , 0.057333 , 0.0995430898876 , 0.0422100898876 , 0.543728317956
89 , 0.054667 , 0.0990444666667 , 0.0443774666667 , 0.543242447757
90 , 0.036667 , 0.0987472747253 , 0.0620802747253 , 0.542767256023
91 , 0.06 , 0.0983261086957 , 0.0383261086957 , 0.542302394545
92 , 0.051333 , 0.0979426774194 , 0.0466096774194 , 0.541847530087
93 , 0.06 , 0.0975674042553 , 0.0375674042553 , 0.541402343597
94 , 0.044 , 0.0976210842105 , 0.0536210842105 , 0.540966529454
95 , 0.058667 , 0.0973264166667 , 0.0386594166667 , 0.540539794772
96 , 0.051333 , 0.0970653195876 , 0.0457323195876 , 0.540121858743
97 , 0.058667 , 0.0967143163265 , 0.0380473163265 , 0.539712452022
98 , 0.054667 , 0.0962895959596 , 0.0416225959596 , 0.539311316143
99 , 0.051333 , 0.09595337 , 0.04462037 , 0.538918202981
0 , 0.069333 , 0.465333 , 0.396 , 4.39182029811
1 , 0.070667 , 0.311333 , 0.240666 , 2.44591014906
2 , 0.069333 , 0.349999666667 , 0.280666666667 , 1.7972734327
3 , 0.073333 , 0.335833 , 0.2625 , 1.47295507453
4 , 0.072 , 0.2990664 , 0.2270664 , 1.27836405962
5 , 0.074667 , 0.2616665 , 0.1869995 , 1.14863671635
6 , 0.073333 , 0.245809428571 , 0.172476428571 , 1.0559743283
7 , 0.074667 , 0.224416625 , 0.149749625 , 0.986477537264
8 , 0.054667 , 0.230814777778 , 0.176147777778 , 0.932424477568
9 , 0.068 , 0.2228 , 0.1548 , 0.889182029811
10 , 0.073333 , 0.217212090909 , 0.143879090909 , 0.853801845283
11 , 0.08 , 0.21277775 , 0.13277775 , 0.824318358176
12 , 0.072 , 0.215487153846 , 0.143487153846 , 0.799370792162
13 , 0.068 , 0.204952357143 , 0.136952357143 , 0.777987164151
14 , 0.069333 , 0.196977733333 , 0.127644733333 , 0.759454686541
15 , 0.069333 , 0.1895833125 , 0.1202503125 , 0.743238768632
16 , 0.065333 , 0.182274470588 , 0.116941470588 , 0.728930605771
17 , 0.076 , 0.176740722222 , 0.100740722222 , 0.716212238784
18 , 0.069333 , 0.171719263158 , 0.102386263158 , 0.704832647269
19 , 0.070667 , 0.16666665 , 0.09599965 , 0.694591014906
20 , 0.064 , 0.162666666667 , 0.0986666666667 , 0.685324776101
21 , 0.069333 , 0.158606045455 , 0.0892730454545 , 0.676900922641
22 , 0.062667 , 0.155246347826 , 0.0925793478261 , 0.669209578179
23 , 0.065333 , 0.151888875 , 0.086555875 , 0.662159179088
24 , 0.051333 , 0.14885332 , 0.09752032 , 0.655672811924
25 , 0.058667 , 0.147923076923 , 0.0892560769231 , 0.649685396081
26 , 0.058667 , 0.144617296296 , 0.0859502962963 , 0.644141492523
27 , 0.065333 , 0.142166678571 , 0.0768336785714 , 0.638993582075
28 , 0.066667 , 0.140046 , 0.073379 , 0.634200699935
29 , 0.072 , 0.1380889 , 0.0660889 , 0.62972734327
30 , 0.057333 , 0.139612903226 , 0.0822799032258 , 0.625542590262
31 , 0.066667 , 0.13741665625 , 0.07074965625 , 0.621619384316
32 , 0.061333 , 0.136363636364 , 0.0750306363636 , 0.617933948428
33 , 0.044 , 0.135568617647 , 0.0915686176471 , 0.614465302886
34 , 0.057333 , 0.135466657143 , 0.0781336571429 , 0.61119486566
35 , 0.053333 , 0.133185166667 , 0.0798521666667 , 0.608106119392
36 , 0.044 , 0.131567540541 , 0.0875675405405 , 0.605184332381
37 , 0.051333 , 0.130140315789 , 0.0788073157895 , 0.602416323634
38 , 0.066667 , 0.130495692308 , 0.0638286923077 , 0.599790264054
39 , 0.064 , 0.128899975 , 0.064899975 , 0.597295507453
40 , 0.029333 , 0.127609731707 , 0.0982767317073 , 0.594922446295
41 , 0.065333 , 0.126349190476 , 0.0610161904762 , 0.59266238805
42 , 0.061333 , 0.124837186047 , 0.0635041860465 , 0.590507448793
43 , 0.044 , 0.123606045455 , 0.0796060454545 , 0.588450461321
44 , 0.066667 , 0.122548133333 , 0.0558811333333 , 0.586484895514
45 , 0.061333 , 0.12144926087 , 0.0601162608696 , 0.584604789089
46 , 0.062667 , 0.120368787234 , 0.057701787234 , 0.582804687194
47 , 0.044 , 0.119 , 0.075 , 0.581079589544
48 , 0.056 , 0.117714285714 , 0.0617142857143 , 0.579424904043
49 , 0.061333 , 0.11677334 , 0.05544034 , 0.577836405962
50 , 0.065333 , 0.115764705882 , 0.0504317058824 , 0.576310201924
51 , 0.064 , 0.114897442308 , 0.0508974423077 , 0.574842698041
52 , 0.062667 , 0.113911962264 , 0.0512449622642 , 0.573430571662
53 , 0.06 , 0.113037055556 , 0.0530370555556 , 0.572070746261
54 , 0.053333 , 0.112181836364 , 0.0588488363636 , 0.570760369057
55 , 0.058667 , 0.111464303571 , 0.0527973035714 , 0.569496791038
56 , 0.065333 , 0.11070177193 , 0.0453687719298 , 0.56827754909
57 , 0.053333 , 0.110080482759 , 0.0567474827586 , 0.567100349967
58 , 0.06 , 0.109231661017 , 0.0492316610169 , 0.5659630559
59 , 0.058667 , 0.108388916667 , 0.0497219166667 , 0.564863671635
60 , 0.044 , 0.107573803279 , 0.0635738032787 , 0.563800332756
61 , 0.051333 , 0.106914016129 , 0.055581016129 , 0.562771295131
62 , 0.036667 , 0.10621168254 , 0.0695446825397 , 0.561774925367
63 , 0.058667 , 0.105552125 , 0.046885125 , 0.560809692158
64 , 0.058667 , 0.1049744 , 0.0463074 , 0.559874158432
65 , 0.051333 , 0.104272772727 , 0.0529397727273 , 0.558966974214
66 , 0.06 , 0.10424880597 , 0.0442488059701 , 0.558086870121
67 , 0.064 , 0.103656911765 , 0.0396569117647 , 0.557232651443
68 , 0.061333 , 0.103120826087 , 0.041787826087 , 0.556403192726
69 , 0.045333 , 0.102752428571 , 0.0574194285714 , 0.55559743283
70 , 0.051333 , 0.102206619718 , 0.0508736197183 , 0.554814370396
71 , 0.06 , 0.101620416667 , 0.0416204166667 , 0.554053059696
72 , 0.051333 , 0.101178123288 , 0.0498451232877 , 0.553312606823
73 , 0.06 , 0.100765810811 , 0.0407658108108 , 0.552592166191
74 , 0.049333 , 0.100346706667 , 0.0510137066667 , 0.551890937308
75 , 0.058667 , 0.0999210921053 , 0.0412540921053 , 0.551208161817
76 , 0.014667 , 0.0994372727273 , 0.0847702727273 , 0.550543120755
77 , 0.054667 , 0.0990684230769 , 0.0444014230769 , 0.549895132027
78 , 0.06 , 0.0985907594937 , 0.0385907594937 , 0.549263548077
79 , 0.058667 , 0.098208375 , 0.039541375 , 0.548647753726
80 , 0.029333 , 0.0979341975309 , 0.0686011975309 , 0.548047164174
81 , 0.051333 , 0.0974715853659 , 0.0461385853659 , 0.547461223148
82 , 0.056 , 0.0971165060241 , 0.0411165060241 , 0.546889401182
83 , 0.056 , 0.0972698809524 , 0.0412698809524 , 0.546331194025
84 , 0.044 , 0.0969255294118 , 0.0529255294118 , 0.545786121154
85 , 0.057333 , 0.0966511976744 , 0.0393181976744 , 0.545253724397
86 , 0.052 , 0.0964138275862 , 0.0444138275862 , 0.544733566645
87 , 0.029333 , 0.0959242727273 , 0.0665912727273 , 0.54422523066
88 , 0.058667 , 0.0955056516854 , 0.0368386516854 , 0.543728317956
89 , 0.022 , 0.0951852222222 , 0.0731852222222 , 0.543242447757
90 , 0.051333 , 0.0949011318681 , 0.0435681318681 , 0.542767256023
91 , 0.051333 , 0.0944275652174 , 0.0430945652174 , 0.542302394545
92 , 0.044 , 0.0941003870968 , 0.0501003870968 , 0.541847530087
93 , 0.029333 , 0.0936950638298 , 0.0643620638298 , 0.541402343597
94 , 0.061333 , 0.0933684526316 , 0.0320354526316 , 0.540966529454
95 , 0.049333 , 0.09315975 , 0.04382675 , 0.540539794772
96 , 0.057333 , 0.092886628866 , 0.035553628866 , 0.540121858743
97 , 0.056 , 0.0925918673469 , 0.0365918673469 , 0.539712452022
98 , 0.036667 , 0.0923569292929 , 0.0556899292929 , 0.539311316143
99 , 0.050667 , 0.09238669 , 0.04171969 , 0.538918202981
0 , 0.074667 , 0.344667 , 0.27 , 4.39182029811
1 , 0.081333 , 0.4403335 , 0.3590005 , 2.44591014906
2 , 0.076 , 0.318889 , 0.242889 , 1.7972734327
3 , 0.070667 , 0.2608335 , 0.1901665 , 1.47295507453
4 , 0.069333 , 0.2225334 , 0.1532004 , 1.27836405962
5 , 0.070667 , 0.200333333333 , 0.129666333333 , 1.14863671635
6 , 0.072 , 0.217428571429 , 0.145428571429 , 1.0559743283
7 , 0.062667 , 0.238416625 , 0.175749625 , 0.986477537264
8 , 0.078667 , 0.221259222222 , 0.142592222222 , 0.932424477568
9 , 0.076 , 0.2174666 , 0.1414666 , 0.889182029811
10 , 0.070667 , 0.204121181818 , 0.133454181818 , 0.853801845283
11 , 0.08 , 0.2005555 , 0.1205555 , 0.824318358176
12 , 0.070667 , 0.191384538462 , 0.120717538462 , 0.799370792162
13 , 0.069333 , 0.182666571429 , 0.113333571429 , 0.777987164151
14 , 0.068 , 0.180622133333 , 0.112622133333 , 0.759454686541
15 , 0.070667 , 0.1737499375 , 0.1030829375 , 0.743238768632
16 , 0.074667 , 0.167921529412 , 0.0932545294118 , 0.728930605771
17 , 0.074667 , 0.170703666667 , 0.0960366666667 , 0.716212238784
18 , 0.062667 , 0.169438578947 , 0.106771578947 , 0.704832647269
19 , 0.066667 , 0.1649 , 0.098233 , 0.694591014906
20 , 0.070667 , 0.160666666667 , 0.0899996666667 , 0.685324776101
21 , 0.069333 , 0.156515136364 , 0.0871821363636 , 0.676900922641
22 , 0.072 , 0.152840565217 , 0.0808405652174 , 0.669209578179
23 , 0.068 , 0.14952775 , 0.08152775 , 0.662159179088
24 , 0.065333 , 0.14925332 , 0.08392032 , 0.655672811924
25 , 0.066667 , 0.146076923077 , 0.0794099230769 , 0.649685396081
26 , 0.06 , 0.14362962963 , 0.0836296296296 , 0.644141492523
27 , 0.070667 , 0.141023821429 , 0.0703568214286 , 0.638993582075
28 , 0.073333 , 0.138689655172 , 0.0653566551724 , 0.634200699935
29 , 0.065333 , 0.137977766667 , 0.0726447666667 , 0.62972734327
30 , 0.066 , 0.135763419355 , 0.0697634193548 , 0.625542590262
31 , 0.061333 , 0.13343746875 , 0.07210446875 , 0.621619384316
32 , 0.044 , 0.131535333333 , 0.0875353333333 , 0.617933948428
33 , 0.064 , 0.131941147059 , 0.0679411470588 , 0.614465302886
34 , 0.058667 , 0.1305714 , 0.0719044 , 0.61119486566
35 , 0.058667 , 0.128944416667 , 0.0702774166667 , 0.608106119392
36 , 0.068 , 0.129135108108 , 0.0611351081081 , 0.605184332381
37 , 0.058667 , 0.127736815789 , 0.0690698157895 , 0.602416323634
38 , 0.064 , 0.126102538462 , 0.0621025384615 , 0.599790264054
39 , 0.066667 , 0.1247833 , 0.0581163 , 0.597295507453
40 , 0.058667 , 0.123268268293 , 0.0646012682927 , 0.594922446295
41 , 0.058667 , 0.122206333333 , 0.0635393333333 , 0.59266238805
42 , 0.044 , 0.121224790698 , 0.0772247906977 , 0.590507448793
43 , 0.058667 , 0.119863613636 , 0.0611966136364 , 0.588450461321
44 , 0.066667 , 0.120251822222 , 0.0535848222222 , 0.586484895514
45 , 0.056 , 0.119231847826 , 0.0632318478261 , 0.584604789089
46 , 0.051333 , 0.117971595745 , 0.0666385957447 , 0.582804687194
47 , 0.064 , 0.117069416667 , 0.0530694166667 , 0.581079589544
48 , 0.06 , 0.116122428571 , 0.0561224285714 , 0.579424904043
49 , 0.044 , 0.11467998 , 0.07067998 , 0.577836405962
50 , 0.057333 , 0.113790823529 , 0.0564578235294 , 0.576310201924
51 , 0.051333 , 0.114294846154 , 0.0629618461538 , 0.574842698041
52 , 0.062667 , 0.113446509434 , 0.050779509434 , 0.573430571662
53 , 0.058667 , 0.112629592593 , 0.0539625925926 , 0.572070746261
54 , 0.064 , 0.111745418182 , 0.0477454181818 , 0.570760369057
55 , 0.056 , 0.111083303571 , 0.0550833035714 , 0.569496791038
56 , 0.044 , 0.110304070175 , 0.0663040701754 , 0.56827754909
57 , 0.064 , 0.110770086207 , 0.0467700862069 , 0.567100349967
58 , 0.058667 , 0.110090372881 , 0.0514233728814 , 0.5659630559
59 , 0.065333 , 0.109344416667 , 0.0440114166667 , 0.564863671635
60 , 0.029333 , 0.108841508197 , 0.0795085081967 , 0.563800332756
61 , 0.057333 , 0.109150516129 , 0.051817516129 , 0.562771295131
62 , 0.044 , 0.109068761905 , 0.0650687619048 , 0.561774925367
63 , 0.058667 , 0.1083020625 , 0.0496350625 , 0.560809692158
64 , 0.064 , 0.107620492308 , 0.0436204923077 , 0.559874158432
65 , 0.054667 , 0.107080787879 , 0.0524137878788 , 0.558966974214
66 , 0.058667 , 0.106477597015 , 0.0478105970149 , 0.558086870121
67 , 0.061333 , 0.105813705882 , 0.0444807058824 , 0.557232651443
68 , 0.054667 , 0.105342971014 , 0.0506759710145 , 0.556403192726
69 , 0.036667 , 0.104790457143 , 0.0681234571429 , 0.55559743283
70 , 0.044 , 0.104178380282 , 0.0601783802817 , 0.554814370396
71 , 0.054667 , 0.103749972222 , 0.0490829722222 , 0.554053059696
72 , 0.064 , 0.103205452055 , 0.0392054520548 , 0.553312606823
73 , 0.06 , 0.102621594595 , 0.0426215945946 , 0.552592166191
74 , 0.058667 , 0.102177746667 , 0.0435107466667 , 0.551890937308
75 , 0.051333 , 0.101675407895 , 0.0503424078947 , 0.551208161817
76 , 0.051333 , 0.101290012987 , 0.049957012987 , 0.550543120755
77 , 0.052 , 0.100880307692 , 0.0488803076923 , 0.549895132027
78 , 0.058667 , 0.100480974684 , 0.0418139746835 , 0.549263548077
79 , 0.036667 , 0.1001249625 , 0.0634579625 , 0.548647753726
80 , 0.057333 , 0.0997119012346 , 0.0423789012346 , 0.548047164174
81 , 0.058667 , 0.0992763902439 , 0.0406093902439 , 0.547461223148
82 , 0.06 , 0.0988674337349 , 0.0388674337349 , 0.546889401182
83 , 0.056 , 0.0983571071429 , 0.0423571071429 , 0.546331194025
84 , 0.062667 , 0.0980627058824 , 0.0353957058824 , 0.545786121154
85 , 0.062667 , 0.097651127907 , 0.034984127907 , 0.545253724397
86 , 0.058667 , 0.0972643333333 , 0.0385973333333 , 0.544733566645
87 , 0.06 , 0.0975832954545 , 0.0375832954545 , 0.54422523066
88 , 0.058667 , 0.0971460337079 , 0.0384790337079 , 0.543728317956
89 , 0.046667 , 0.0965851555556 , 0.0499181555556 , 0.543242447757
90 , 0.057333 , 0.0961538131868 , 0.0388208131868 , 0.542767256023
91 , 0.049333 , 0.0956448913043 , 0.0463118913043 , 0.542302394545
92 , 0.06 , 0.0952902903226 , 0.0352902903226 , 0.541847530087
93 , 0.051333 , 0.0948864893617 , 0.0435534893617 , 0.541402343597
94 , 0.054667 , 0.0946175052632 , 0.0399505052632 , 0.540966529454
95 , 0.058667 , 0.0942430208333 , 0.0355760208333 , 0.540539794772
96 , 0.056 , 0.0939862164948 , 0.0379862164948 , 0.540121858743
97 , 0.057333 , 0.0936122040816 , 0.0362792040816 , 0.539712452022
98 , 0.06 , 0.0933265555556 , 0.0333265555556 , 0.539311316143
99 , 0.036667 , 0.09295329 , 0.05628629 , 0.538918202981
