0 , 0.053333 , 0.513333 , 0.46 , 4.39182029811
1 , 0.08 , 0.4966665 , 0.4166665 , 2.44591014906
2 , 0.053333 , 0.506666666667 , 0.453333666667 , 1.7972734327
3 , 0.053333 , 0.485 , 0.431667 , 1.47295507453
4 , 0.053333 , 0.4146666 , 0.3613336 , 1.27836405962
5 , 0.08 , 0.432222166667 , 0.352222166667 , 1.14863671635
6 , 0.08 , 0.385714285714 , 0.305714285714 , 1.0559743283
7 , 0.053333 , 0.365 , 0.311667 , 0.986477537264
8 , 0.066667 , 0.331851888889 , 0.265184888889 , 0.932424477568
9 , 0.073333 , 0.3093334 , 0.2360004 , 0.889182029811
10 , 0.053333 , 0.295757636364 , 0.242424636364 , 0.853801845283
11 , 0.066667 , 0.278888916667 , 0.212221916667 , 0.824318358176
12 , 0.066667 , 0.266666692308 , 0.199999692308 , 0.799370792162
13 , 0.066667 , 0.252381 , 0.185714 , 0.777987164151
14 , 0.08 , 0.240888933333 , 0.160888933333 , 0.759454686541
15 , 0.073333 , 0.2325000625 , 0.1591670625 , 0.743238768632
16 , 0.066667 , 0.227451058824 , 0.160784058824 , 0.728930605771
17 , 0.066667 , 0.218518611111 , 0.151851611111 , 0.716212238784
18 , 0.08 , 0.212631684211 , 0.132631684211 , 0.704832647269
19 , 0.066667 , 0.2060001 , 0.1393331 , 0.694591014906
20 , 0.08 , 0.200000095238 , 0.120000095238 , 0.685324776101
21 , 0.066667 , 0.195151590909 , 0.128484590909 , 0.676900922641
22 , 0.053333 , 0.193043565217 , 0.139710565217 , 0.669209578179
23 , 0.066667 , 0.187777875 , 0.121110875 , 0.662159179088
24 , 0.066667 , 0.18906676 , 0.12239976 , 0.655672811924
25 , 0.066667 , 0.184871884615 , 0.118204884615 , 0.649685396081
26 , 0.073333 , 0.180987740741 , 0.107654740741 , 0.644141492523
27 , 0.053333 , 0.177857214286 , 0.124524214286 , 0.638993582075
28 , 0.013333 , 0.176321896552 , 0.162988896552 , 0.634200699935
29 , 0.066667 , 0.173111166667 , 0.106444166667 , 0.62972734327
30 , 0.066667 , 0.173548451613 , 0.106881451613 , 0.625542590262
31 , 0.066667 , 0.17020840625 , 0.10354140625 , 0.621619384316
32 , 0.053333 , 0.166666727273 , 0.113333727273 , 0.617933948428
33 , 0.073333 , 0.164117705882 , 0.0907847058824 , 0.614465302886
34 , 0.053333 , 0.160952428571 , 0.107619428571 , 0.61119486566
35 , 0.053333 , 0.157963 , 0.10463 , 0.608106119392
36 , 0.08 , 0.156576621622 , 0.0765766216216 , 0.605184332381
37 , 0.066667 , 0.156842157895 , 0.0901751578947 , 0.602416323634
38 , 0.04 , 0.154871846154 , 0.114871846154 , 0.599790264054
39 , 0.073333 , 0.153333375 , 0.080000375 , 0.597295507453
40 , 0.053333 , 0.150894341463 , 0.0975613414634 , 0.594922446295
41 , 0.066667 , 0.149523833333 , 0.0828568333333 , 0.59266238805
42 , 0.066667 , 0.149457395349 , 0.0827903953488 , 0.590507448793
43 , 0.053333 , 0.148181840909 , 0.0948488409091 , 0.588450461321
44 , 0.066667 , 0.146666688889 , 0.0799996888889 , 0.586484895514
45 , 0.053333 , 0.145217413043 , 0.0918844130435 , 0.584604789089
46 , 0.053333 , 0.14354612766 , 0.0902131276596 , 0.582804687194
47 , 0.066667 , 0.143611145833 , 0.0769441458333 , 0.581079589544
48 , 0.066667 , 0.142312959184 , 0.0756459591837 , 0.579424904043
49 , 0.04 , 0.14133336 , 0.10133336 , 0.577836405962
50 , 0.08 , 0.140130745098 , 0.060130745098 , 0.576310201924
51 , 0.04 , 0.139230788462 , 0.0992307884615 , 0.574842698041
52 , 0.053333 , 0.137610075472 , 0.0842770754717 , 0.573430571662
53 , 0.04 , 0.137037055556 , 0.0970370555556 , 0.572070746261
54 , 0.053333 , 0.136000018182 , 0.0826670181818 , 0.570760369057
55 , 0.066667 , 0.135000017857 , 0.0683330178571 , 0.569496791038
56 , 0.053333 , 0.134269017544 , 0.0809360175439 , 0.56827754909
57 , 0.066667 , 0.133103465517 , 0.0664364655172 , 0.567100349967
58 , 0.026667 , 0.131299457627 , 0.104632457627 , 0.5659630559
59 , 0.066667 , 0.130666683333 , 0.0639996833333 , 0.564863671635
60 , 0.066667 , 0.129836081967 , 0.0631690819672 , 0.563800332756
61 , 0.066667 , 0.129032274194 , 0.0623652741935 , 0.562771295131
62 , 0.066667 , 0.128042349206 , 0.0613753492063 , 0.561774925367
63 , 0.04 , 0.127708359375 , 0.087708359375 , 0.560809692158
64 , 0.053333 , 0.127179507692 , 0.0738465076923 , 0.559874158432
65 , 0.013333 , 0.127070727273 , 0.113737727273 , 0.558966974214
66 , 0.066667 , 0.126169179104 , 0.0595021791045 , 0.558086870121
67 , 0.066667 , 0.125294147059 , 0.0586271470588 , 0.557232651443
68 , 0.066667 , 0.124444478261 , 0.0577774782609 , 0.556403192726
69 , 0.053333 , 0.124000028571 , 0.0706670285714 , 0.55559743283
70 , 0.066667 , 0.123192521127 , 0.0565255211268 , 0.554814370396
71 , 0.066667 , 0.122407444444 , 0.0557404444444 , 0.554053059696
72 , 0.053333 , 0.122739767123 , 0.0694067671233 , 0.553312606823
73 , 0.066667 , 0.121982027027 , 0.055315027027 , 0.552592166191
74 , 0.066667 , 0.121422266667 , 0.0547552666667 , 0.551890937308
75 , 0.066667 , 0.120877236842 , 0.0542102368421 , 0.551208161817
76 , 0.066667 , 0.120173207792 , 0.0535062077922 , 0.550543120755
77 , 0.04 , 0.120000051282 , 0.0800000512821 , 0.549895132027
78 , 0.053333 , 0.119662493671 , 0.0663294936709 , 0.549263548077
79 , 0.066667 , 0.1191667125 , 0.0524997125 , 0.548647753726
80 , 0.026667 , 0.119341604938 , 0.0926746049383 , 0.548047164174
81 , 0.04 , 0.11837402439 , 0.0783740243902 , 0.547461223148
82 , 0.066667 , 0.117751048193 , 0.0510840481928 , 0.546889401182
83 , 0.04 , 0.117619095238 , 0.0776190952381 , 0.546331194025
84 , 0.04 , 0.116705929412 , 0.0767059294118 , 0.545786121154
85 , 0.026667 , 0.116744232558 , 0.0900772325581 , 0.545253724397
86 , 0.066667 , 0.116168632184 , 0.0495016321839 , 0.544733566645
87 , 0.04 , 0.116060659091 , 0.0760606590909 , 0.54422523066
88 , 0.073333 , 0.115655483146 , 0.0423224831461 , 0.543728317956
89 , 0.026667 , 0.114666722222 , 0.0879997222222 , 0.543242447757
90 , 0.04 , 0.114578813187 , 0.0745788131868 , 0.542767256023
91 , 0.066667 , 0.114202956522 , 0.0475359565217 , 0.542302394545
92 , 0.073333 , 0.113835182796 , 0.0405021827957 , 0.541847530087
93 , 0.053333 , 0.113191542553 , 0.0598585425532 , 0.541402343597
94 , 0.066667 , 0.112842157895 , 0.0461751578947 , 0.540966529454
95 , 0.053333 , 0.1126389375 , 0.0593059375 , 0.540539794772
96 , 0.053333 , 0.112439907216 , 0.0591069072165 , 0.540121858743
97 , 0.053333 , 0.112244938776 , 0.0589119387755 , 0.539712452022
98 , 0.04 , 0.11218859596 , 0.0721885959596 , 0.539311316143
99 , 0.04 , 0.11213338 , 0.07213338 , 0.538918202981
0 , 0.08 , 0.16 , 0.08 , 4.39182029811
1 , 0.093333 , 0.1266665 , 0.0333335 , 2.44591014906
2 , 0.066667 , 0.115555333333 , 0.0488883333333 , 1.7972734327
3 , 0.053333 , 0.1966665 , 0.1433335 , 1.47295507453
4 , 0.066667 , 0.1866666 , 0.1199996 , 1.27836405962
5 , 0.08 , 0.2355555 , 0.1555555 , 1.14863671635
6 , 0.093333 , 0.230476142857 , 0.137143142857 , 1.0559743283
7 , 0.053333 , 0.20833325 , 0.15500025 , 0.986477537264
8 , 0.04 , 0.189629555556 , 0.149629555556 , 0.932424477568
9 , 0.08 , 0.1786666 , 0.0986666 , 0.889182029811
10 , 0.053333 , 0.175757545455 , 0.122424545455 , 0.853801845283
11 , 0.08 , 0.168888833333 , 0.0888888333333 , 0.824318358176
12 , 0.066667 , 0.163076846154 , 0.0964098461538 , 0.799370792162
13 , 0.066667 , 0.161904714286 , 0.0952377142857 , 0.777987164151
14 , 0.08 , 0.157333266667 , 0.0773332666667 , 0.759454686541
15 , 0.066667 , 0.15333325 , 0.08666625 , 0.743238768632
16 , 0.08 , 0.149019529412 , 0.0690195294118 , 0.728930605771
17 , 0.066667 , 0.148888833333 , 0.0822218333333 , 0.716212238784
18 , 0.066667 , 0.152280631579 , 0.0856136315789 , 0.704832647269
19 , 0.066667 , 0.14999995 , 0.08333295 , 0.694591014906
20 , 0.073333 , 0.14730152381 , 0.0739685238095 , 0.685324776101
21 , 0.073333 , 0.148484772727 , 0.0751517727273 , 0.676900922641
22 , 0.073333 , 0.148985434783 , 0.0756524347826 , 0.669209578179
23 , 0.073333 , 0.146666583333 , 0.0733335833333 , 0.662159179088
24 , 0.04 , 0.14453324 , 0.10453324 , 0.655672811924
25 , 0.026667 , 0.143076846154 , 0.116409846154 , 0.649685396081
26 , 0.066667 , 0.143209814815 , 0.0765428148148 , 0.644141492523
27 , 0.053333 , 0.1414285 , 0.0880955 , 0.638993582075
28 , 0.066667 , 0.139770034483 , 0.0731030344828 , 0.634200699935
29 , 0.053333 , 0.1377777 , 0.0844447 , 0.62972734327
30 , 0.066667 , 0.135483806452 , 0.0688168064516 , 0.625542590262
31 , 0.066667 , 0.13333328125 , 0.06666628125 , 0.621619384316
32 , 0.04 , 0.130505 , 0.090505 , 0.617933948428
33 , 0.04 , 0.129411705882 , 0.0894117058824 , 0.614465302886
34 , 0.053333 , 0.127238028571 , 0.0739050285714 , 0.61119486566
35 , 0.073333 , 0.125925861111 , 0.0525928611111 , 0.608106119392
36 , 0.053333 , 0.124504432432 , 0.0711714324324 , 0.605184332381
37 , 0.066667 , 0.123333263158 , 0.0566662631579 , 0.602416323634
38 , 0.066667 , 0.122564025641 , 0.055897025641 , 0.599790264054
39 , 0.066667 , 0.1211666 , 0.0544996 , 0.597295507453
40 , 0.04 , 0.12081295122 , 0.0808129512195 , 0.594922446295
41 , 0.073333 , 0.119841214286 , 0.0465082142857 , 0.59266238805
42 , 0.066667 , 0.119224744186 , 0.052557744186 , 0.590507448793
43 , 0.053333 , 0.118636295455 , 0.0653032954545 , 0.588450461321
44 , 0.066667 , 0.117481422222 , 0.0508144222222 , 0.586484895514
45 , 0.053333 , 0.116086891304 , 0.0627538913043 , 0.584604789089
46 , 0.053333 , 0.114751702128 , 0.0614187021277 , 0.582804687194
47 , 0.053333 , 0.113472145833 , 0.0601391458333 , 0.581079589544
48 , 0.053333 , 0.113333265306 , 0.0600002653061 , 0.579424904043
49 , 0.026667 , 0.11399994 , 0.08733294 , 0.577836405962
50 , 0.066667 , 0.113071843137 , 0.0464048431373 , 0.576310201924
51 , 0.053333 , 0.111923019231 , 0.0585900192308 , 0.574842698041
52 , 0.053333 , 0.111823849057 , 0.0584908490566 , 0.573430571662
53 , 0.066667 , 0.111111055556 , 0.0444440555556 , 0.572070746261
54 , 0.066667 , 0.110787818182 , 0.0441208181818 , 0.570760369057
55 , 0.053333 , 0.109761839286 , 0.0564288392857 , 0.569496791038
56 , 0.04 , 0.109473614035 , 0.0694736140351 , 0.56827754909
57 , 0.066667 , 0.108735568966 , 0.0420685689655 , 0.567100349967
58 , 0.026667 , 0.107344576271 , 0.0806775762712 , 0.5659630559
59 , 0.066667 , 0.10711105 , 0.04044405 , 0.564863671635
60 , 0.053333 , 0.106448032787 , 0.0531150327869 , 0.563800332756
61 , 0.026667 , 0.105161241935 , 0.0784942419355 , 0.562771295131
62 , 0.053333 , 0.105185142857 , 0.0518521428571 , 0.561774925367
63 , 0.053333 , 0.104999953125 , 0.051666953125 , 0.560809692158
64 , 0.066667 , 0.104820461538 , 0.0381534615385 , 0.559874158432
65 , 0.053333 , 0.104646409091 , 0.0513134090909 , 0.558966974214
66 , 0.066667 , 0.104079552239 , 0.0374125522388 , 0.558086870121
67 , 0.04 , 0.104117602941 , 0.0641176029412 , 0.557232651443
68 , 0.04 , 0.103961304348 , 0.0639613043478 , 0.556403192726
69 , 0.066667 , 0.103619 , 0.036952 , 0.55559743283
70 , 0.04 , 0.103661929577 , 0.0636619295775 , 0.554814370396
71 , 0.026667 , 0.103888847222 , 0.0772218472222 , 0.554053059696
72 , 0.066667 , 0.103378958904 , 0.0367119589041 , 0.553312606823
73 , 0.053333 , 0.102702662162 , 0.0493696621622 , 0.552592166191
74 , 0.04 , 0.101866626667 , 0.0618666266667 , 0.551890937308
75 , 0.066667 , 0.101403473684 , 0.0347364736842 , 0.551208161817
76 , 0.053333 , 0.101298662338 , 0.0479656623377 , 0.550543120755
77 , 0.04 , 0.101367487179 , 0.0613674871795 , 0.549895132027
78 , 0.04 , 0.10143456962 , 0.0614345696203 , 0.549263548077
79 , 0.053333 , 0.1013333 , 0.0480003 , 0.548647753726
80 , 0.04 , 0.100576098765 , 0.0605760987654 , 0.548047164174
81 , 0.053333 , 0.0999999634146 , 0.0466669634146 , 0.547461223148
82 , 0.066667 , 0.099759 , 0.033092 , 0.546889401182
83 , 0.053333 , 0.0995237738095 , 0.0461907738095 , 0.546331194025
84 , 0.066667 , 0.0991372235294 , 0.0324702235294 , 0.545786121154
85 , 0.066667 , 0.0989146976744 , 0.0322476976744 , 0.545253724397
86 , 0.04 , 0.0990038045977 , 0.0590038045977 , 0.544733566645
87 , 0.066667 , 0.0986363409091 , 0.0319693409091 , 0.54422523066
88 , 0.04 , 0.0987265730337 , 0.0587265730337 , 0.543728317956
89 , 0.053333 , 0.0982222 , 0.0448892 , 0.543242447757
90 , 0.04 , 0.0981684725275 , 0.0581684725275 , 0.542767256023
91 , 0.066667 , 0.0979709891304 , 0.0313039891304 , 0.542302394545
92 , 0.066667 , 0.0977777526882 , 0.0311107526882 , 0.541847530087
93 , 0.066667 , 0.097446787234 , 0.030779787234 , 0.541402343597
94 , 0.066667 , 0.0972631368421 , 0.0305961368421 , 0.540966529454
95 , 0.066667 , 0.0969444270833 , 0.0302774270833 , 0.540539794772
96 , 0.066667 , 0.0966322886598 , 0.0299652886598 , 0.540121858743
97 , 0.066667 , 0.0963265204082 , 0.0296595204082 , 0.539712452022
98 , 0.066667 , 0.0961616060606 , 0.0294946060606 , 0.539311316143
99 , 0.053333 , 0.09573332 , 0.04240032 , 0.538918202981
0 , 0.066667 , 0.146667 , 0.08 , 4.39182029811
1 , 0.066667 , 0.366667 , 0.3 , 2.44591014906
2 , 0.066667 , 0.280000333333 , 0.213333333333 , 1.7972734327
3 , 0.066667 , 0.3033335 , 0.2366665 , 1.47295507453
4 , 0.053333 , 0.3453334 , 0.2920004 , 1.27836405962
5 , 0.053333 , 0.296666666667 , 0.243333666667 , 1.14863671635
6 , 0.073333 , 0.264761857143 , 0.191428857143 , 1.0559743283
7 , 0.08 , 0.241666625 , 0.161666625 , 0.986477537264
8 , 0.08 , 0.223703666667 , 0.143703666667 , 0.932424477568
9 , 0.08 , 0.2186666 , 0.1386666 , 0.889182029811
10 , 0.066667 , 0.208484818182 , 0.141817818182 , 0.853801845283
11 , 0.066667 , 0.19777775 , 0.13111075 , 0.824318358176
12 , 0.08 , 0.188717923077 , 0.108717923077 , 0.799370792162
13 , 0.066667 , 0.18 , 0.113333 , 0.777987164151
14 , 0.066667 , 0.172444466667 , 0.105777466667 , 0.759454686541
15 , 0.093333 , 0.1775 , 0.084167 , 0.743238768632
16 , 0.053333 , 0.170196058824 , 0.116863058824 , 0.728930605771
17 , 0.04 , 0.168148111111 , 0.128148111111 , 0.716212238784
18 , 0.053333 , 0.162105210526 , 0.108772210526 , 0.704832647269
19 , 0.093333 , 0.1586666 , 0.0653336 , 0.694591014906
20 , 0.066667 , 0.158095190476 , 0.0914281904762 , 0.685324776101
21 , 0.04 , 0.156363590909 , 0.116363590909 , 0.676900922641
22 , 0.066667 , 0.153043434783 , 0.0863764347826 , 0.669209578179
23 , 0.053333 , 0.152222166667 , 0.0988891666667 , 0.662159179088
24 , 0.066667 , 0.14933328 , 0.08266628 , 0.655672811924
25 , 0.066667 , 0.152051230769 , 0.0853842307692 , 0.649685396081
26 , 0.073333 , 0.149382666667 , 0.0760496666667 , 0.644141492523
27 , 0.066667 , 0.146428535714 , 0.0797615357143 , 0.638993582075
28 , 0.053333 , 0.152643655172 , 0.0993106551724 , 0.634200699935
29 , 0.066667 , 0.150666633333 , 0.0839996333333 , 0.62972734327
30 , 0.073333 , 0.148387064516 , 0.0750540645161 , 0.625542590262
31 , 0.053333 , 0.147916625 , 0.094583625 , 0.621619384316
32 , 0.04 , 0.146666636364 , 0.106666636364 , 0.617933948428
33 , 0.053333 , 0.143921529412 , 0.0905885294118 , 0.614465302886
34 , 0.053333 , 0.142476142857 , 0.0891431428571 , 0.61119486566
35 , 0.066667 , 0.142222166667 , 0.0755551666667 , 0.608106119392
36 , 0.066667 , 0.141261216216 , 0.0745942162162 , 0.605184332381
37 , 0.066667 , 0.139298210526 , 0.0726312105263 , 0.602416323634
38 , 0.066667 , 0.137435871795 , 0.0707688717949 , 0.599790264054
39 , 0.053333 , 0.136999975 , 0.083666975 , 0.597295507453
40 , 0.053333 , 0.137235756098 , 0.0839027560976 , 0.594922446295
41 , 0.066667 , 0.135555547619 , 0.068888547619 , 0.59266238805
42 , 0.066667 , 0.13488372093 , 0.0682167209302 , 0.590507448793
43 , 0.026667 , 0.134242431818 , 0.107575431818 , 0.588450461321
44 , 0.073333 , 0.133037044444 , 0.0597040444444 , 0.586484895514
45 , 0.053333 , 0.131304347826 , 0.0779713478261 , 0.584604789089
46 , 0.073333 , 0.130212765957 , 0.0568797659574 , 0.582804687194
47 , 0.066667 , 0.128888895833 , 0.0622218958333 , 0.581079589544
48 , 0.066667 , 0.127619061224 , 0.0609520612245 , 0.579424904043
49 , 0.066667 , 0.12640002 , 0.05973302 , 0.577836405962
50 , 0.053333 , 0.125751647059 , 0.0724186470588 , 0.576310201924
51 , 0.066667 , 0.124615403846 , 0.0579484038462 , 0.574842698041
52 , 0.066667 , 0.124025169811 , 0.0573581698113 , 0.573430571662
53 , 0.066667 , 0.123086425926 , 0.0564194259259 , 0.572070746261
54 , 0.04 , 0.121575763636 , 0.0815757636364 , 0.570760369057
55 , 0.053333 , 0.121309535714 , 0.0679765357143 , 0.569496791038
56 , 0.053333 , 0.120116964912 , 0.0667839649123 , 0.56827754909
57 , 0.066667 , 0.119195413793 , 0.0525284137931 , 0.567100349967
58 , 0.053333 , 0.118757067797 , 0.0654240677966 , 0.5659630559
59 , 0.073333 , 0.118111116667 , 0.0447781166667 , 0.564863671635
60 , 0.073333 , 0.117704918033 , 0.0443719180328 , 0.563800332756
61 , 0.053333 , 0.117311822581 , 0.0639788225806 , 0.562771295131
62 , 0.066667 , 0.116507936508 , 0.0498409365079 , 0.561774925367
63 , 0.026667 , 0.116770828125 , 0.090103828125 , 0.560809692158
64 , 0.066667 , 0.116205123077 , 0.0495381230769 , 0.559874158432
65 , 0.053333 , 0.116666666667 , 0.0633336666667 , 0.558966974214
66 , 0.066667 , 0.116119402985 , 0.0494524029851 , 0.558086870121
67 , 0.053333 , 0.115196073529 , 0.0618630735294 , 0.557232651443
68 , 0.04 , 0.114106275362 , 0.0741062753623 , 0.556403192726
69 , 0.053333 , 0.113809514286 , 0.0604765142857 , 0.55559743283
70 , 0.066667 , 0.113145535211 , 0.0464785352113 , 0.554814370396
71 , 0.04 , 0.113055555556 , 0.0730555555556 , 0.554053059696
72 , 0.066667 , 0.11242009589 , 0.0457530958904 , 0.553312606823
73 , 0.066667 , 0.111981986486 , 0.0453149864865 , 0.552592166191
74 , 0.04 , 0.112088893333 , 0.0720888933333 , 0.551890937308
75 , 0.066667 , 0.111491236842 , 0.0448242368421 , 0.551208161817
76 , 0.066667 , 0.11108225974 , 0.0444152597403 , 0.550543120755
77 , 0.066667 , 0.110512833333 , 0.0438458333333 , 0.549895132027
78 , 0.053333 , 0.109957822785 , 0.0566248227848 , 0.549263548077
79 , 0.053333 , 0.1092500125 , 0.0559170125 , 0.548647753726
80 , 0.066667 , 0.108724296296 , 0.0420572962963 , 0.548047164174
81 , 0.053333 , 0.108536597561 , 0.055203597561 , 0.547461223148
82 , 0.053333 , 0.107871493976 , 0.0545384939759 , 0.546889401182
83 , 0.073333 , 0.107539690476 , 0.0342066904762 , 0.546331194025
84 , 0.053333 , 0.107372552941 , 0.0540395529412 , 0.545786121154
85 , 0.066667 , 0.106899232558 , 0.0402322325581 , 0.545253724397
86 , 0.053333 , 0.106283528736 , 0.0529505287356 , 0.544733566645
87 , 0.053333 , 0.105681818182 , 0.0523488181818 , 0.54422523066
88 , 0.066667 , 0.105243449438 , 0.0385764494382 , 0.543728317956
89 , 0.053333 , 0.104666666667 , 0.0513336666667 , 0.543242447757
90 , 0.053333 , 0.104395604396 , 0.0510626043956 , 0.542767256023
91 , 0.066667 , 0.104130434783 , 0.0374634347826 , 0.542302394545
92 , 0.066667 , 0.10379927957 , 0.0371322795699 , 0.541847530087
93 , 0.066667 , 0.103404255319 , 0.0367372553191 , 0.541402343597
94 , 0.053333 , 0.102877189474 , 0.0495441894737 , 0.540966529454
95 , 0.066667 , 0.1025 , 0.035833 , 0.540539794772
96 , 0.053333 , 0.101993123711 , 0.0486601237113 , 0.540121858743
97 , 0.066667 , 0.101768704082 , 0.0351017040816 , 0.539712452022
98 , 0.066667 , 0.101548818182 , 0.0348818181818 , 0.539311316143
99 , 0.066667 , 0.10133333 , 0.03466633 , 0.538918202981
0 , 0.066667 , 0.08 , 0.013333 , 4.39182029811
1 , 0.026667 , 0.1133335 , 0.0866665 , 2.44591014906
2 , 0.066667 , 0.275555666667 , 0.208888666667 , 1.7972734327
3 , 0.08 , 0.25666675 , 0.17666675 , 1.47295507453
4 , 0.08 , 0.3013334 , 0.2213334 , 1.27836405962
5 , 0.04 , 0.2644445 , 0.2244445 , 1.14863671635
6 , 0.066667 , 0.251428571429 , 0.184761571429 , 1.0559743283
7 , 0.08 , 0.241666625 , 0.161666625 , 0.986477537264
8 , 0.053333 , 0.223703666667 , 0.170370666667 , 0.932424477568
9 , 0.08 , 0.22 , 0.14 , 0.889182029811
10 , 0.066667 , 0.207272727273 , 0.140605727273 , 0.853801845283
11 , 0.073333 , 0.19777775 , 0.12444475 , 0.824318358176
12 , 0.08 , 0.189743538462 , 0.109743538462 , 0.799370792162
13 , 0.066667 , 0.180952357143 , 0.114285357143 , 0.777987164151
14 , 0.053333 , 0.1724444 , 0.1191114 , 0.759454686541
15 , 0.073333 , 0.1724999375 , 0.0991669375 , 0.743238768632
16 , 0.053333 , 0.165490117647 , 0.112157117647 , 0.728930605771
17 , 0.08 , 0.160740666667 , 0.0807406666667 , 0.716212238784
18 , 0.08 , 0.159999947368 , 0.0799999473684 , 0.704832647269
19 , 0.053333 , 0.1553333 , 0.1020003 , 0.694591014906
20 , 0.073333 , 0.151746 , 0.078413 , 0.685324776101
21 , 0.066667 , 0.151515136364 , 0.0848481363636 , 0.676900922641
22 , 0.053333 , 0.16 , 0.106667 , 0.669209578179
23 , 0.053333 , 0.157222208333 , 0.103889208333 , 0.662159179088
24 , 0.066667 , 0.1536 , 0.086933 , 0.655672811924
25 , 0.066667 , 0.151282038462 , 0.0846150384615 , 0.649685396081
26 , 0.053333 , 0.147654296296 , 0.0943212962963 , 0.644141492523
27 , 0.053333 , 0.144285678571 , 0.0909526785714 , 0.638993582075
28 , 0.066667 , 0.142068931034 , 0.0754019310345 , 0.634200699935
29 , 0.066667 , 0.139555533333 , 0.0728885333333 , 0.62972734327
30 , 0.053333 , 0.13677416129 , 0.0834411612903 , 0.625542590262
31 , 0.066667 , 0.1345833125 , 0.0679163125 , 0.621619384316
32 , 0.066667 , 0.13333330303 , 0.0666663030303 , 0.617933948428
33 , 0.053333 , 0.130980352941 , 0.0776473529412 , 0.614465302886
34 , 0.053333 , 0.128761857143 , 0.0754288571429 , 0.61119486566
35 , 0.073333 , 0.127407361111 , 0.0540743611111 , 0.608106119392
36 , 0.053333 , 0.126126081081 , 0.0727930810811 , 0.605184332381
37 , 0.053333 , 0.125263105263 , 0.0719301052632 , 0.602416323634
38 , 0.073333 , 0.124102512821 , 0.0507695128205 , 0.599790264054
39 , 0.066667 , 0.122666625 , 0.055999625 , 0.597295507453
40 , 0.053333 , 0.120975560976 , 0.0676425609756 , 0.594922446295
41 , 0.066667 , 0.1196825 , 0.0530155 , 0.59266238805
42 , 0.073333 , 0.120930186047 , 0.0475971860465 , 0.590507448793
43 , 0.066667 , 0.119999954545 , 0.0533329545455 , 0.588450461321
44 , 0.053333 , 0.118518466667 , 0.0651854666667 , 0.586484895514
45 , 0.066667 , 0.11739126087 , 0.0507242608696 , 0.584604789089
46 , 0.073333 , 0.116595702128 , 0.0432627021277 , 0.582804687194
47 , 0.066667 , 0.1161110625 , 0.0494440625 , 0.581079589544
48 , 0.04 , 0.116734653061 , 0.0767346530612 , 0.579424904043
49 , 0.053333 , 0.11546662 , 0.06213362 , 0.577836405962
50 , 0.053333 , 0.115032627451 , 0.061699627451 , 0.576310201924
51 , 0.066667 , 0.114102519231 , 0.0474355192308 , 0.574842698041
52 , 0.04 , 0.113459075472 , 0.0734590754717 , 0.573430571662
53 , 0.053333 , 0.11308637037 , 0.0597533703704 , 0.572070746261
54 , 0.026667 , 0.111515109091 , 0.0848481090909 , 0.570760369057
55 , 0.04 , 0.112142821429 , 0.0721428214286 , 0.569496791038
56 , 0.026667 , 0.110643245614 , 0.083976245614 , 0.56827754909
57 , 0.053333 , 0.109655137931 , 0.056322137931 , 0.567100349967
58 , 0.066667 , 0.109152508475 , 0.0424855084746 , 0.5659630559
59 , 0.066667 , 0.10977775 , 0.04311075 , 0.564863671635
60 , 0.066667 , 0.109071016393 , 0.0424040163934 , 0.563800332756
61 , 0.053333 , 0.108817177419 , 0.0554841774194 , 0.562771295131
62 , 0.053333 , 0.108359761905 , 0.0550267619048 , 0.561774925367
63 , 0.053333 , 0.10812496875 , 0.05479196875 , 0.560809692158
64 , 0.066667 , 0.107692276923 , 0.0410252769231 , 0.559874158432
65 , 0.066667 , 0.107070681818 , 0.0404036818182 , 0.558966974214
66 , 0.04 , 0.107064656716 , 0.0670646567164 , 0.558086870121
67 , 0.053333 , 0.106862720588 , 0.0535297205882 , 0.557232651443
68 , 0.066667 , 0.106473405797 , 0.0398064057971 , 0.556403192726
69 , 0.04 , 0.106285685714 , 0.0662856857143 , 0.55559743283
70 , 0.04 , 0.105352084507 , 0.065352084507 , 0.554814370396
71 , 0.053333 , 0.104629597222 , 0.0512965972222 , 0.554053059696
72 , 0.073333 , 0.104292205479 , 0.0309592054795 , 0.553312606823
73 , 0.066667 , 0.104864837838 , 0.0381978378378 , 0.552592166191
74 , 0.066667 , 0.104355533333 , 0.0376885333333 , 0.551890937308
75 , 0.066667 , 0.104912263158 , 0.0382452631579 , 0.551208161817
76 , 0.053333 , 0.104588727273 , 0.0512557272727 , 0.550543120755
77 , 0.053333 , 0.104444423077 , 0.0511114230769 , 0.549895132027
78 , 0.053333 , 0.103797443038 , 0.050464443038 , 0.549263548077
79 , 0.066667 , 0.1033333125 , 0.0366663125 , 0.548647753726
80 , 0.053333 , 0.103209851852 , 0.0498768518519 , 0.548047164174
81 , 0.066667 , 0.102764207317 , 0.0360972073171 , 0.547461223148
82 , 0.066667 , 0.102489939759 , 0.035822939759 , 0.546889401182
83 , 0.026667 , 0.101587285714 , 0.0749202857143 , 0.546331194025
84 , 0.026667 , 0.101803905882 , 0.0751369058824 , 0.545786121154
85 , 0.066667 , 0.101550372093 , 0.034883372093 , 0.545253724397
86 , 0.066667 , 0.101302666667 , 0.0346356666667 , 0.544733566645
87 , 0.066667 , 0.100909079545 , 0.0342420795455 , 0.54422523066
88 , 0.073333 , 0.100674146067 , 0.0273411460674 , 0.543728317956
89 , 0.053333 , 0.100592577778 , 0.0472595777778 , 0.543242447757
90 , 0.053333 , 0.100073241758 , 0.0467402417582 , 0.542767256023
91 , 0.066667 , 0.0997101304348 , 0.0330431304348 , 0.542302394545
92 , 0.026667 , 0.0989247204301 , 0.0722577204301 , 0.541847530087
93 , 0.066667 , 0.0985815531915 , 0.0319145531915 , 0.541402343597
94 , 0.053333 , 0.0985263052632 , 0.0451933052632 , 0.540966529454
95 , 0.026667 , 0.0977777708333 , 0.0711107708333 , 0.540539794772
96 , 0.053333 , 0.0973195773196 , 0.0439865773196 , 0.540121858743
97 , 0.053333 , 0.0968707346939 , 0.0435377346939 , 0.539712452022
98 , 0.04 , 0.0969696868687 , 0.0569696868687 , 0.539311316143
99 , 0.066667 , 0.09679999 , 0.03013299 , 0.538918202981
0 , 0.053333 , 0.666667 , 0.613334 , 4.39182029811
1 , 0.066667 , 0.3733335 , 0.3066665 , 2.44591014906
2 , 0.08 , 0.315555666667 , 0.235555666667 , 1.7972734327
3 , 0.053333 , 0.28 , 0.226667 , 1.47295507453
4 , 0.08 , 0.2613334 , 0.1813334 , 1.27836405962
5 , 0.04 , 0.228889 , 0.188889 , 1.14863671635
6 , 0.08 , 0.222857285714 , 0.142857285714 , 1.0559743283
7 , 0.066667 , 0.21166675 , 0.14499975 , 0.986477537264
8 , 0.053333 , 0.197037111111 , 0.143704111111 , 0.932424477568
9 , 0.066667 , 0.1853334 , 0.1186664 , 0.889182029811
10 , 0.08 , 0.176969727273 , 0.0969697272727 , 0.853801845283
11 , 0.053333 , 0.1744445 , 0.1211115 , 0.824318358176
12 , 0.026667 , 0.168205153846 , 0.141538153846 , 0.799370792162
13 , 0.053333 , 0.16 , 0.106667 , 0.777987164151
14 , 0.08 , 0.154666666667 , 0.0746666666667 , 0.759454686541
15 , 0.066667 , 0.1558333125 , 0.0891663125 , 0.743238768632
16 , 0.066667 , 0.150588235294 , 0.0839212352941 , 0.728930605771
17 , 0.08 , 0.146666666667 , 0.0666666666667 , 0.716212238784
18 , 0.066667 , 0.143157894737 , 0.0764908947368 , 0.704832647269
19 , 0.04 , 0.138 , 0.098 , 0.694591014906
20 , 0.066667 , 0.134603190476 , 0.0679361904762 , 0.685324776101
21 , 0.066667 , 0.132121227273 , 0.0654542272727 , 0.676900922641
22 , 0.04 , 0.128115956522 , 0.0881159565217 , 0.669209578179
23 , 0.08 , 0.126111125 , 0.046111125 , 0.662159179088
24 , 0.04 , 0.12266668 , 0.08266668 , 0.655672811924
25 , 0.073333 , 0.121538461538 , 0.0482054615385 , 0.649685396081
26 , 0.04 , 0.118518518519 , 0.0785185185185 , 0.644141492523
27 , 0.053333 , 0.116190464286 , 0.0628574642857 , 0.638993582075
28 , 0.053333 , 0.11724137931 , 0.0639083793103 , 0.634200699935
29 , 0.066667 , 0.118222233333 , 0.0515552333333 , 0.62972734327
30 , 0.053333 , 0.116129032258 , 0.0627960322581 , 0.625542590262
31 , 0.073333 , 0.11729165625 , 0.04395865625 , 0.621619384316
32 , 0.066667 , 0.115757575758 , 0.0490905757576 , 0.617933948428
33 , 0.053333 , 0.113921558824 , 0.0605885588235 , 0.614465302886
34 , 0.026667 , 0.111428571429 , 0.0847615714286 , 0.61119486566
35 , 0.066667 , 0.110925916667 , 0.0442589166667 , 0.608106119392
36 , 0.053333 , 0.110090081081 , 0.0567570810811 , 0.605184332381
37 , 0.08 , 0.1114035 , 0.0314035 , 0.602416323634
38 , 0.04 , 0.109572641026 , 0.0695726410256 , 0.599790264054
39 , 0.066667 , 0.1085 , 0.041833 , 0.597295507453
40 , 0.053333 , 0.107154463415 , 0.0538214634146 , 0.594922446295
41 , 0.08 , 0.106507928571 , 0.0265079285714 , 0.59266238805
42 , 0.053333 , 0.105271302326 , 0.0519383023256 , 0.590507448793
43 , 0.053333 , 0.105303022727 , 0.0519700227273 , 0.588450461321
44 , 0.04 , 0.103851844444 , 0.0638518444444 , 0.586484895514
45 , 0.013333 , 0.10449273913 , 0.0911597391304 , 0.584604789089
46 , 0.053333 , 0.104255297872 , 0.0509222978723 , 0.582804687194
47 , 0.073333 , 0.10402775 , 0.03069475 , 0.581079589544
48 , 0.053333 , 0.102993163265 , 0.0496601632653 , 0.579424904043
49 , 0.066667 , 0.10226664 , 0.03559964 , 0.577836405962
50 , 0.053333 , 0.101307156863 , 0.0479741568627 , 0.576310201924
51 , 0.066667 , 0.100641 , 0.033974 , 0.574842698041
52 , 0.04 , 0.0994968301887 , 0.0594968301887 , 0.573430571662
53 , 0.04 , 0.098395037037 , 0.058395037037 , 0.572070746261
54 , 0.053333 , 0.0978181636364 , 0.0444851636364 , 0.570760369057
55 , 0.066667 , 0.0977380714286 , 0.0310710714286 , 0.569496791038
56 , 0.066667 , 0.0971929649123 , 0.0305259649123 , 0.56827754909
57 , 0.053333 , 0.0968965344828 , 0.0435635344828 , 0.567100349967
58 , 0.053333 , 0.0961581694915 , 0.0428251694915 , 0.5659630559
59 , 0.04 , 0.0952222 , 0.0552222 , 0.564863671635
60 , 0.053333 , 0.0945354918033 , 0.0412024918033 , 0.563800332756
61 , 0.066667 , 0.094086 , 0.027419 , 0.562771295131
62 , 0.04 , 0.0932274920635 , 0.0532274920635 , 0.561774925367
63 , 0.026667 , 0.092187484375 , 0.065520484375 , 0.560809692158
64 , 0.04 , 0.0922051076923 , 0.0522051076923 , 0.559874158432
65 , 0.04 , 0.0914141212121 , 0.0514141212121 , 0.558966974214
66 , 0.066667 , 0.091044761194 , 0.024377761194 , 0.558086870121
67 , 0.04 , 0.0902941029412 , 0.0502941029412 , 0.557232651443
68 , 0.066667 , 0.0899516811594 , 0.0232846811594 , 0.556403192726
69 , 0.053333 , 0.0899999857143 , 0.0366669857143 , 0.55559743283
70 , 0.053333 , 0.0894835492958 , 0.0361505492958 , 0.554814370396
71 , 0.066667 , 0.0893518333333 , 0.0226848333333 , 0.554053059696
72 , 0.066667 , 0.0892237260274 , 0.0225567260274 , 0.553312606823
73 , 0.066667 , 0.0890089864865 , 0.0223419864865 , 0.552592166191
74 , 0.04 , 0.0883555333333 , 0.0483555333333 , 0.551890937308
75 , 0.04 , 0.0877192763158 , 0.0477192763158 , 0.551208161817
76 , 0.066667 , 0.087619025974 , 0.020952025974 , 0.550543120755
77 , 0.053333 , 0.0871794615385 , 0.0338464615385 , 0.549895132027
78 , 0.053333 , 0.0867510253165 , 0.0334180253165 , 0.549263548077
79 , 0.053333 , 0.0863333 , 0.0330003 , 0.548647753726
80 , 0.053333 , 0.0865843333333 , 0.0332513333333 , 0.548047164174
81 , 0.066667 , 0.0865040365854 , 0.0198370365854 , 0.547461223148
82 , 0.053333 , 0.0861043855422 , 0.0327713855422 , 0.546889401182
83 , 0.066667 , 0.0860317142857 , 0.0193647142857 , 0.546331194025
84 , 0.053333 , 0.0861176117647 , 0.0327846117647 , 0.545786121154
85 , 0.066667 , 0.0858914418605 , 0.0192244418605 , 0.545253724397
86 , 0.066667 , 0.0858237241379 , 0.0191567241379 , 0.544733566645
87 , 0.066667 , 0.0857575454545 , 0.0190905454545 , 0.54422523066
88 , 0.053333 , 0.0853932247191 , 0.0320602247191 , 0.543728317956
89 , 0.066667 , 0.0851851555556 , 0.0185181555556 , 0.543242447757
90 , 0.053333 , 0.0852746923077 , 0.0319416923077 , 0.542767256023
91 , 0.053333 , 0.0852173586957 , 0.0318843586957 , 0.542302394545
92 , 0.04 , 0.085448 , 0.045448 , 0.541847530087
93 , 0.053333 , 0.0855318829787 , 0.0321988829787 , 0.541402343597
94 , 0.066667 , 0.0854736526316 , 0.0188066526316 , 0.540966529454
95 , 0.066667 , 0.0854166354167 , 0.0187496354167 , 0.540539794772
96 , 0.066667 , 0.0852233402062 , 0.0185563402062 , 0.540121858743
97 , 0.053333 , 0.0848979285714 , 0.0315649285714 , 0.539712452022
98 , 0.053333 , 0.0845790909091 , 0.0312460909091 , 0.539311316143
99 , 0.04 , 0.08479997 , 0.04479997 , 0.538918202981
0 , 0.066667 , 0.653333 , 0.586666 , 4.39182029811
1 , 0.08 , 0.42 , 0.34 , 2.44591014906
2 , 0.066667 , 0.311111 , 0.244444 , 1.7972734327
3 , 0.053333 , 0.25333325 , 0.20000025 , 1.47295507453
4 , 0.08 , 0.2506666 , 0.1706666 , 1.27836405962
5 , 0.08 , 0.261111 , 0.181111 , 1.14863671635
6 , 0.066667 , 0.242857 , 0.17619 , 1.0559743283
7 , 0.053333 , 0.26083325 , 0.20750025 , 0.986477537264
8 , 0.066667 , 0.242222111111 , 0.175555111111 , 0.932424477568
9 , 0.04 , 0.2299999 , 0.1899999 , 0.889182029811
10 , 0.066667 , 0.215151454545 , 0.148484454545 , 0.853801845283
11 , 0.04 , 0.206111083333 , 0.166111083333 , 0.824318358176
12 , 0.066667 , 0.196410230769 , 0.129743230769 , 0.799370792162
13 , 0.053333 , 0.186190428571 , 0.132857428571 , 0.777987164151
14 , 0.04 , 0.179999933333 , 0.139999933333 , 0.759454686541
15 , 0.066667 , 0.17458325 , 0.10791625 , 0.743238768632
16 , 0.066667 , 0.168235235294 , 0.101568235294 , 0.728930605771
17 , 0.04 , 0.167777722222 , 0.127777722222 , 0.716212238784
18 , 0.053333 , 0.161754315789 , 0.108421315789 , 0.704832647269
19 , 0.053333 , 0.16033325 , 0.10700025 , 0.694591014906
20 , 0.053333 , 0.155238 , 0.101905 , 0.685324776101
21 , 0.073333 , 0.152424136364 , 0.0790911363636 , 0.676900922641
22 , 0.066667 , 0.155072347826 , 0.0884053478261 , 0.669209578179
23 , 0.053333 , 0.152499875 , 0.099166875 , 0.662159179088
24 , 0.08 , 0.14959988 , 0.06959988 , 0.655672811924
25 , 0.053333 , 0.148461423077 , 0.0951284230769 , 0.649685396081
26 , 0.066667 , 0.146913481481 , 0.0802464814815 , 0.644141492523
27 , 0.053333 , 0.145952285714 , 0.0926192857143 , 0.638993582075
28 , 0.08 , 0.146436689655 , 0.0664366896552 , 0.634200699935
29 , 0.066667 , 0.1459999 , 0.0793329 , 0.62972734327
30 , 0.066667 , 0.143870870968 , 0.0772038709677 , 0.625542590262
31 , 0.053333 , 0.14395825 , 0.09062525 , 0.621619384316
32 , 0.053333 , 0.144444363636 , 0.0911113636364 , 0.617933948428
33 , 0.093333 , 0.145686205882 , 0.0523532058824 , 0.614465302886
34 , 0.066667 , 0.1441904 , 0.0775234 , 0.61119486566
35 , 0.073333 , 0.142777694444 , 0.0694446944444 , 0.608106119392
36 , 0.04 , 0.142882810811 , 0.102882810811 , 0.605184332381
37 , 0.053333 , 0.142982394737 , 0.0896493947368 , 0.602416323634
38 , 0.066667 , 0.141709333333 , 0.0750423333333 , 0.599790264054
39 , 0.08 , 0.1401666 , 0.0601666 , 0.597295507453
40 , 0.053333 , 0.139349536585 , 0.0860165365854 , 0.594922446295
41 , 0.073333 , 0.138253904762 , 0.0649209047619 , 0.59266238805
42 , 0.053333 , 0.137519325581 , 0.0841863255814 , 0.590507448793
43 , 0.066667 , 0.136515090909 , 0.0698480909091 , 0.588450461321
44 , 0.053333 , 0.1346666 , 0.0813336 , 0.586484895514
45 , 0.066667 , 0.133188347826 , 0.0665213478261 , 0.584604789089
46 , 0.066667 , 0.131773 , 0.065106 , 0.582804687194
47 , 0.073333 , 0.130972166667 , 0.0576391666667 , 0.581079589544
48 , 0.04 , 0.130612183673 , 0.0906121836735 , 0.579424904043
49 , 0.026667 , 0.13013328 , 0.10346628 , 0.577836405962
50 , 0.066667 , 0.128888843137 , 0.0622218431373 , 0.576310201924
51 , 0.066667 , 0.127692269231 , 0.0610252692308 , 0.574842698041
52 , 0.066667 , 0.126540849057 , 0.0598738490566 , 0.573430571662
53 , 0.066667 , 0.125432074074 , 0.0587650740741 , 0.572070746261
54 , 0.066667 , 0.124606036364 , 0.0579390363636 , 0.570760369057
55 , 0.073333 , 0.1238095 , 0.0504765 , 0.569496791038
56 , 0.053333 , 0.122573070175 , 0.0692400701754 , 0.56827754909
57 , 0.08 , 0.121839051724 , 0.0418390517241 , 0.567100349967
58 , 0.053333 , 0.121355898305 , 0.0680228983051 , 0.5659630559
59 , 0.04 , 0.119999966667 , 0.0799999666667 , 0.564863671635
60 , 0.053333 , 0.119562803279 , 0.0662298032787 , 0.563800332756
61 , 0.04 , 0.118279532258 , 0.0782795322581 , 0.562771295131
62 , 0.066667 , 0.117883555556 , 0.0512165555556 , 0.561774925367
63 , 0.066667 , 0.117083296875 , 0.050416296875 , 0.560809692158
64 , 0.073333 , 0.116512784615 , 0.0431797846154 , 0.559874158432
65 , 0.066667 , 0.115959560606 , 0.0492925606061 , 0.558966974214
66 , 0.066667 , 0.115422850746 , 0.0487558507463 , 0.558086870121
67 , 0.066667 , 0.114705852941 , 0.0480388529412 , 0.557232651443
68 , 0.013333 , 0.113236681159 , 0.0999036811594 , 0.556403192726
69 , 0.066667 , 0.112761871429 , 0.0460948714286 , 0.55559743283
70 , 0.053333 , 0.11192484507 , 0.0585918450704 , 0.554814370396
71 , 0.066667 , 0.111296263889 , 0.0446292638889 , 0.554053059696
72 , 0.053333 , 0.110502246575 , 0.0571692465753 , 0.553312606823
73 , 0.066667 , 0.109909878378 , 0.0432428783784 , 0.552592166191
74 , 0.026667 , 0.110044413333 , 0.0833774133333 , 0.551890937308
75 , 0.026667 , 0.109999973684 , 0.0833329736842 , 0.551208161817
76 , 0.066667 , 0.109523779221 , 0.0428567792208 , 0.550543120755
77 , 0.053333 , 0.109316205128 , 0.0559832051282 , 0.549895132027
78 , 0.053333 , 0.109113886076 , 0.0557808860759 , 0.549263548077
79 , 0.04 , 0.1082499625 , 0.0682499625 , 0.548647753726
80 , 0.066667 , 0.107736592593 , 0.0410695925926 , 0.548047164174
81 , 0.053333 , 0.107073134146 , 0.0537401341463 , 0.547461223148
82 , 0.066667 , 0.106746951807 , 0.0400799518072 , 0.546889401182
83 , 0.066667 , 0.106428535714 , 0.0397615357143 , 0.546331194025
84 , 0.053333 , 0.106274470588 , 0.0529414705882 , 0.545786121154
85 , 0.04 , 0.105503837209 , 0.0655038372093 , 0.545253724397
86 , 0.066667 , 0.105210689655 , 0.0385436896552 , 0.544733566645
87 , 0.053333 , 0.104924204545 , 0.0515912045455 , 0.54422523066
88 , 0.066667 , 0.104494348315 , 0.0378273483146 , 0.543728317956
89 , 0.04 , 0.104074044444 , 0.0640740444444 , 0.543242447757
90 , 0.04 , 0.103736230769 , 0.0637362307692 , 0.542767256023
91 , 0.04 , 0.10391301087 , 0.0639130108696 , 0.542302394545
92 , 0.053333 , 0.103369139785 , 0.0500361397849 , 0.541847530087
93 , 0.053333 , 0.102836840426 , 0.0495038404255 , 0.541402343597
94 , 0.04 , 0.1027368 , 0.0627368 , 0.540966529454
95 , 0.053333 , 0.10263884375 , 0.04930584375 , 0.540539794772
96 , 0.066667 , 0.102405453608 , 0.0357384536082 , 0.540121858743
97 , 0.066667 , 0.10204077551 , 0.0353737755102 , 0.539712452022
98 , 0.026667 , 0.102222181818 , 0.0755551818182 , 0.539311316143
99 , 0.053333 , 0.10213329 , 0.04880029 , 0.538918202981
0 , 0.053333 , 0.566667 , 0.513334 , 4.39182029811
1 , 0.04 , 0.586667 , 0.546667 , 2.44591014906
2 , 0.053333 , 0.488889 , 0.435556 , 1.7972734327
3 , 0.08 , 0.38666675 , 0.30666675 , 1.47295507453
4 , 0.08 , 0.384 , 0.304 , 1.27836405962
5 , 0.106667 , 0.337777833333 , 0.231110833333 , 1.14863671635
6 , 0.066667 , 0.312381 , 0.245714 , 1.0559743283
7 , 0.08 , 0.283333375 , 0.203333375 , 0.986477537264
8 , 0.093333 , 0.262222222222 , 0.168889222222 , 0.932424477568
9 , 0.08 , 0.2506667 , 0.1706667 , 0.889182029811
10 , 0.066667 , 0.233939454545 , 0.167272454545 , 0.853801845283
11 , 0.066667 , 0.22222225 , 0.15555525 , 0.824318358176
12 , 0.066667 , 0.212307692308 , 0.145640692308 , 0.799370792162
13 , 0.053333 , 0.200952357143 , 0.147619357143 , 0.777987164151
14 , 0.08 , 0.193777733333 , 0.113777733333 , 0.759454686541
15 , 0.053333 , 0.1849999375 , 0.1316669375 , 0.743238768632
16 , 0.073333 , 0.180392117647 , 0.107059117647 , 0.728930605771
17 , 0.066667 , 0.174074055556 , 0.107407055556 , 0.716212238784
18 , 0.053333 , 0.169824526316 , 0.116491526316 , 0.704832647269
19 , 0.08 , 0.1653333 , 0.0853333 , 0.694591014906
20 , 0.08 , 0.161269809524 , 0.0812698095238 , 0.685324776101
21 , 0.053333 , 0.156363590909 , 0.103030590909 , 0.676900922641
22 , 0.066667 , 0.15246373913 , 0.0857967391304 , 0.669209578179
23 , 0.066667 , 0.148888875 , 0.082221875 , 0.662159179088
24 , 0.066667 , 0.1456 , 0.078933 , 0.655672811924
25 , 0.066667 , 0.1428205 , 0.0761535 , 0.649685396081
26 , 0.066667 , 0.142962962963 , 0.076295962963 , 0.644141492523
27 , 0.053333 , 0.149523821429 , 0.0961908214286 , 0.638993582075
28 , 0.066667 , 0.147126448276 , 0.0804594482759 , 0.634200699935
29 , 0.053333 , 0.144 , 0.090667 , 0.62972734327
30 , 0.073333 , 0.142365580645 , 0.0690325806452 , 0.625542590262
31 , 0.073333 , 0.14041665625 , 0.06708365625 , 0.621619384316
32 , 0.053333 , 0.138181818182 , 0.0848488181818 , 0.617933948428
33 , 0.066667 , 0.136078441176 , 0.0694114411765 , 0.614465302886
34 , 0.053333 , 0.136380971429 , 0.0830479714286 , 0.61119486566
35 , 0.066667 , 0.134444472222 , 0.0677774722222 , 0.608106119392
36 , 0.04 , 0.134414432432 , 0.0944144324324 , 0.605184332381
37 , 0.066667 , 0.132631605263 , 0.0659646052632 , 0.602416323634
38 , 0.066667 , 0.132991487179 , 0.0663244871795 , 0.599790264054
39 , 0.066667 , 0.131333375 , 0.064666375 , 0.597295507453
40 , 0.073333 , 0.130731756098 , 0.0573987560976 , 0.594922446295
41 , 0.053333 , 0.129841309524 , 0.0765083095238 , 0.59266238805
42 , 0.066667 , 0.128682209302 , 0.0620152093023 , 0.590507448793
43 , 0.066667 , 0.127878818182 , 0.0612118181818 , 0.588450461321
44 , 0.053333 , 0.126222244444 , 0.0728892444444 , 0.586484895514
45 , 0.04 , 0.125797130435 , 0.0857971304348 , 0.584604789089
46 , 0.053333 , 0.126808531915 , 0.0734755319149 , 0.582804687194
47 , 0.066667 , 0.125555583333 , 0.0588885833333 , 0.581079589544
48 , 0.053333 , 0.124897979592 , 0.0715649795918 , 0.579424904043
49 , 0.066667 , 0.12560002 , 0.05893302 , 0.577836405962
50 , 0.073333 , 0.124705901961 , 0.0513729019608 , 0.576310201924
51 , 0.066667 , 0.123589769231 , 0.0569227692308 , 0.574842698041
52 , 0.053333 , 0.122641528302 , 0.0693085283019 , 0.573430571662
53 , 0.04 , 0.12111112963 , 0.0811111296296 , 0.572070746261
54 , 0.053333 , 0.120848509091 , 0.0675155090909 , 0.570760369057
55 , 0.053333 , 0.120357160714 , 0.0670241607143 , 0.569496791038
56 , 0.066667 , 0.11941522807 , 0.0527482280702 , 0.56827754909
57 , 0.066667 , 0.118505775862 , 0.0518387758621 , 0.567100349967
58 , 0.053333 , 0.117401152542 , 0.0640681525424 , 0.5659630559
59 , 0.066667 , 0.116555583333 , 0.0498885833333 , 0.564863671635
60 , 0.066667 , 0.115737737705 , 0.0490707377049 , 0.563800332756
61 , 0.066667 , 0.114946274194 , 0.0482792741935 , 0.562771295131
62 , 0.04 , 0.114814857143 , 0.0748148571429 , 0.561774925367
63 , 0.04 , 0.114895875 , 0.074895875 , 0.560809692158
64 , 0.066667 , 0.114359015385 , 0.0476920153846 , 0.559874158432
65 , 0.066667 , 0.113838424242 , 0.0471714242424 , 0.558966974214
66 , 0.053333 , 0.112935358209 , 0.059602358209 , 0.558086870121
67 , 0.04 , 0.112451014706 , 0.0724510147059 , 0.557232651443
68 , 0.04 , 0.112367188406 , 0.0723671884058 , 0.556403192726
69 , 0.053333 , 0.111523842857 , 0.0581908428571 , 0.55559743283
70 , 0.066667 , 0.11107984507 , 0.0444128450704 , 0.554814370396
71 , 0.066667 , 0.110648180556 , 0.0439811805556 , 0.554053059696
72 , 0.066667 , 0.11004569863 , 0.0433786986301 , 0.553312606823
73 , 0.053333 , 0.109819851351 , 0.0564868513514 , 0.552592166191
74 , 0.053333 , 0.109600026667 , 0.0562670266667 , 0.551890937308
75 , 0.053333 , 0.108859671053 , 0.0555266710526 , 0.551208161817
76 , 0.053333 , 0.108831194805 , 0.0554981948052 , 0.550543120755
77 , 0.066667 , 0.108290628205 , 0.0416236282051 , 0.549895132027
78 , 0.053333 , 0.107932518987 , 0.0545995189873 , 0.549263548077
79 , 0.053333 , 0.107250025 , 0.053917025 , 0.548647753726
80 , 0.066667 , 0.106913604938 , 0.0402466049383 , 0.548047164174
81 , 0.066667 , 0.106504085366 , 0.0398370853659 , 0.547461223148
82 , 0.066667 , 0.106184759036 , 0.0395177590361 , 0.546889401182
83 , 0.053333 , 0.105555571429 , 0.0522225714286 , 0.546331194025
84 , 0.066667 , 0.105254917647 , 0.0385879176471 , 0.545786121154
85 , 0.053333 , 0.104961255814 , 0.051628255814 , 0.545253724397
86 , 0.066667 , 0.104674344828 , 0.0380073448276 , 0.544733566645
87 , 0.04 , 0.103939409091 , 0.0639394090909 , 0.54422523066
88 , 0.073333 , 0.103670426966 , 0.0303374269663 , 0.543728317956
89 , 0.053333 , 0.103555566667 , 0.0502225666667 , 0.543242447757
90 , 0.053333 , 0.103443230769 , 0.0501102307692 , 0.542767256023
91 , 0.066667 , 0.103913054348 , 0.0372460543478 , 0.542302394545
92 , 0.066667 , 0.10351255914 , 0.0368455591398 , 0.541847530087
93 , 0.053333 , 0.103404265957 , 0.0500712659574 , 0.541402343597
94 , 0.066667 , 0.103157905263 , 0.0364909052632 , 0.540966529454
95 , 0.053333 , 0.1030555625 , 0.0497225625 , 0.540539794772
96 , 0.066667 , 0.102817876289 , 0.0361508762887 , 0.540121858743
97 , 0.066667 , 0.102585040816 , 0.0359180408163 , 0.539712452022
98 , 0.04 , 0.102626272727 , 0.0626262727273 , 0.539311316143
99 , 0.026667 , 0.10186668 , 0.07519968 , 0.538918202981
0 , 0.093333 , 0.2 , 0.106667 , 4.39182029811
1 , 0.066667 , 0.1866665 , 0.1199995 , 2.44591014906
2 , 0.053333 , 0.173333333333 , 0.120000333333 , 1.7972734327
3 , 0.106667 , 0.15666675 , 0.04999975 , 1.47295507453
4 , 0.08 , 0.1413334 , 0.0613334 , 1.27836405962
5 , 0.08 , 0.131111166667 , 0.0511111666667 , 1.14863671635
6 , 0.04 , 0.127619142857 , 0.0876191428571 , 1.0559743283
7 , 0.08 , 0.17166675 , 0.09166675 , 0.986477537264
8 , 0.053333 , 0.188889 , 0.135556 , 0.932424477568
9 , 0.08 , 0.1793334 , 0.0993334 , 0.889182029811
10 , 0.073333 , 0.172727363636 , 0.0993943636364 , 0.853801845283
11 , 0.066667 , 0.166111166667 , 0.0994441666667 , 0.824318358176
12 , 0.073333 , 0.160512846154 , 0.0871798461538 , 0.799370792162
13 , 0.066667 , 0.153809571429 , 0.0871425714286 , 0.777987164151
14 , 0.066667 , 0.1537778 , 0.0871108 , 0.759454686541
15 , 0.08 , 0.1541666875 , 0.0741666875 , 0.743238768632
16 , 0.04 , 0.167058823529 , 0.127058823529 , 0.728930605771
17 , 0.04 , 0.16 , 0.12 , 0.716212238784
18 , 0.073333 , 0.157193 , 0.08386 , 0.704832647269
19 , 0.053333 , 0.1546667 , 0.1013337 , 0.694591014906
20 , 0.053333 , 0.149841285714 , 0.0965082857143 , 0.685324776101
21 , 0.04 , 0.1448485 , 0.1048485 , 0.676900922641
22 , 0.066667 , 0.141449304348 , 0.0747823043478 , 0.669209578179
23 , 0.053333 , 0.138888916667 , 0.0855559166667 , 0.662159179088
24 , 0.066667 , 0.13706668 , 0.07039968 , 0.655672811924
25 , 0.066667 , 0.134359 , 0.067692 , 0.649685396081
26 , 0.08 , 0.132345703704 , 0.0523457037037 , 0.644141492523
27 , 0.053333 , 0.130238107143 , 0.0769051071429 , 0.638993582075
28 , 0.066667 , 0.128965517241 , 0.0622985172414 , 0.634200699935
29 , 0.053333 , 0.126444433333 , 0.0731114333333 , 0.62972734327
30 , 0.066667 , 0.124516129032 , 0.0578491290323 , 0.625542590262
31 , 0.053333 , 0.12354165625 , 0.07020865625 , 0.621619384316
32 , 0.04 , 0.122626242424 , 0.0826262424242 , 0.617933948428
33 , 0.053333 , 0.122549 , 0.069216 , 0.614465302886
34 , 0.053333 , 0.1205714 , 0.0672384 , 0.61119486566
35 , 0.053333 , 0.118703666667 , 0.0653706666667 , 0.608106119392
36 , 0.066667 , 0.117657621622 , 0.0509906216216 , 0.605184332381
37 , 0.08 , 0.1170175 , 0.0370175 , 0.602416323634
38 , 0.066667 , 0.115726461538 , 0.0490594615385 , 0.599790264054
39 , 0.066667 , 0.114666625 , 0.047999625 , 0.597295507453
40 , 0.073333 , 0.113821097561 , 0.040488097561 , 0.594922446295
41 , 0.066667 , 0.115079333333 , 0.0484123333333 , 0.59266238805
42 , 0.073333 , 0.114263534884 , 0.0409305348837 , 0.590507448793
43 , 0.053333 , 0.113484818182 , 0.0601518181818 , 0.588450461321
44 , 0.073333 , 0.114814777778 , 0.0414817777778 , 0.586484895514
45 , 0.066667 , 0.113768086957 , 0.0471010869565 , 0.584604789089
46 , 0.066667 , 0.113049617021 , 0.0463826170213 , 0.582804687194
47 , 0.04 , 0.11152775 , 0.07152775 , 0.581079589544
48 , 0.04 , 0.11142855102 , 0.0714285510204 , 0.579424904043
49 , 0.04 , 0.10999998 , 0.06999998 , 0.577836405962
50 , 0.04 , 0.110196058824 , 0.0701960588235 , 0.576310201924
51 , 0.073333 , 0.109487153846 , 0.0361541538462 , 0.574842698041
52 , 0.04 , 0.108176075472 , 0.0681760754717 , 0.573430571662
53 , 0.066667 , 0.107407388889 , 0.0407403888889 , 0.572070746261
54 , 0.066667 , 0.106909072727 , 0.0402420727273 , 0.570760369057
55 , 0.053333 , 0.105952357143 , 0.0526193571429 , 0.569496791038
56 , 0.04 , 0.105730964912 , 0.0657309649123 , 0.56827754909
57 , 0.053333 , 0.105517206897 , 0.0521842068966 , 0.567100349967
58 , 0.053333 , 0.105536694915 , 0.0522036949153 , 0.5659630559
59 , 0.053333 , 0.104666633333 , 0.0513336333333 , 0.564863671635
60 , 0.066667 , 0.104043688525 , 0.0373766885246 , 0.563800332756
61 , 0.04 , 0.103010725806 , 0.0630107258065 , 0.562771295131
62 , 0.066667 , 0.10264547619 , 0.0359784761905 , 0.561774925367
63 , 0.066667 , 0.102291640625 , 0.035624640625 , 0.560809692158
64 , 0.066667 , 0.101948692308 , 0.0352816923077 , 0.559874158432
65 , 0.053333 , 0.102020181818 , 0.0486871818182 , 0.558966974214
66 , 0.066667 , 0.101492522388 , 0.0348255223881 , 0.558086870121
67 , 0.04 , 0.101568617647 , 0.0615686176471 , 0.557232651443
68 , 0.053333 , 0.101256028986 , 0.0479230289855 , 0.556403192726
69 , 0.053333 , 0.101333328571 , 0.0480003285714 , 0.55559743283
70 , 0.053333 , 0.100657267606 , 0.0473242676056 , 0.554814370396
71 , 0.066667 , 0.100370361111 , 0.0337033611111 , 0.554053059696
72 , 0.053333 , 0.100273958904 , 0.0469409589041 , 0.553312606823
73 , 0.04 , 0.100180162162 , 0.0601801621622 , 0.552592166191
74 , 0.066667 , 0.100799986667 , 0.0341329866667 , 0.551890937308
75 , 0.026667 , 0.0998245526316 , 0.0731575526316 , 0.551208161817
76 , 0.066667 , 0.0993939350649 , 0.0327269350649 , 0.550543120755
77 , 0.013333 , 0.0998290512821 , 0.0864960512821 , 0.549895132027
78 , 0.04 , 0.0997468227848 , 0.0597468227848 , 0.549263548077
79 , 0.053333 , 0.0994999875 , 0.0461669875 , 0.548647753726
80 , 0.053333 , 0.0994238518519 , 0.0460908518519 , 0.548047164174
81 , 0.04 , 0.0986991707317 , 0.0586991707317 , 0.547461223148
82 , 0.066667 , 0.0983132409639 , 0.0316462409639 , 0.546889401182
83 , 0.066667 , 0.0980952261905 , 0.0314282261905 , 0.546331194025
84 , 0.066667 , 0.0977254823529 , 0.0310584823529 , 0.545786121154
85 , 0.053333 , 0.0976744069767 , 0.0443414069767 , 0.545253724397
86 , 0.053333 , 0.0974712528736 , 0.0441382528736 , 0.544733566645
87 , 0.04 , 0.0974242272727 , 0.0574242272727 , 0.54422523066
88 , 0.053333 , 0.0969288202247 , 0.0435958202247 , 0.543728317956
89 , 0.04 , 0.0970370222222 , 0.0570370222222 , 0.543242447757
90 , 0.04 , 0.0964102417582 , 0.0564102417582 , 0.542767256023
91 , 0.066667 , 0.0960869456522 , 0.0294199456522 , 0.542302394545
92 , 0.066667 , 0.0957706021505 , 0.0291036021505 , 0.541847530087
93 , 0.066667 , 0.0954609893617 , 0.0287939893617 , 0.541402343597
94 , 0.066667 , 0.0951578947368 , 0.0284908947368 , 0.540966529454
95 , 0.053333 , 0.09472221875 , 0.04138921875 , 0.540539794772
96 , 0.066667 , 0.0944329896907 , 0.0277659896907 , 0.540121858743
97 , 0.066667 , 0.0941496632653 , 0.0274826632653 , 0.539712452022
98 , 0.066667 , 0.0938720606061 , 0.0272050606061 , 0.539311316143
99 , 0.066667 , 0.09360001 , 0.02693301 , 0.538918202981
0 , 0.053333 , 0.346667 , 0.293334 , 4.39182029811
1 , 0.053333 , 0.22 , 0.166667 , 2.44591014906
2 , 0.08 , 0.204444333333 , 0.124444333333 , 1.7972734327
3 , 0.08 , 0.17333325 , 0.09333325 , 1.47295507453
4 , 0.066667 , 0.1706666 , 0.1039996 , 1.27836405962
5 , 0.066667 , 0.168888833333 , 0.102221833333 , 1.14863671635
6 , 0.066667 , 0.229523714286 , 0.162856714286 , 1.0559743283
7 , 0.08 , 0.21083325 , 0.13083325 , 0.986477537264
8 , 0.106667 , 0.211111 , 0.104444 , 0.932424477568
9 , 0.066667 , 0.2186666 , 0.1519996 , 0.889182029811
10 , 0.053333 , 0.207272636364 , 0.153939636364 , 0.853801845283
11 , 0.066667 , 0.196666583333 , 0.129999583333 , 0.824318358176
12 , 0.04 , 0.190769153846 , 0.150769153846 , 0.799370792162
13 , 0.08 , 0.187619 , 0.107619 , 0.777987164151
14 , 0.053333 , 0.1804444 , 0.1271114 , 0.759454686541
15 , 0.066667 , 0.1749999375 , 0.1083329375 , 0.743238768632
16 , 0.066667 , 0.169019529412 , 0.102352529412 , 0.728930605771
17 , 0.053333 , 0.1625925 , 0.1092595 , 0.716212238784
18 , 0.04 , 0.156140263158 , 0.116140263158 , 0.704832647269
19 , 0.04 , 0.15033325 , 0.11033325 , 0.694591014906
20 , 0.066667 , 0.148253904762 , 0.0815869047619 , 0.685324776101
21 , 0.066667 , 0.144545409091 , 0.0778784090909 , 0.676900922641
22 , 0.066667 , 0.142318782609 , 0.0756517826087 , 0.669209578179
23 , 0.066667 , 0.143611041667 , 0.0769440416667 , 0.662159179088
24 , 0.04 , 0.1394666 , 0.0994666 , 0.655672811924
25 , 0.053333 , 0.137179423077 , 0.0838464230769 , 0.649685396081
26 , 0.053333 , 0.135555481481 , 0.0822224814815 , 0.644141492523
27 , 0.053333 , 0.132618964286 , 0.0792859642857 , 0.638993582075
28 , 0.066667 , 0.130344758621 , 0.0636777586207 , 0.634200699935
29 , 0.053333 , 0.129999933333 , 0.0766669333333 , 0.62972734327
30 , 0.066667 , 0.128387032258 , 0.0617200322581 , 0.625542590262
31 , 0.073333 , 0.1268749375 , 0.0535419375 , 0.621619384316
32 , 0.053333 , 0.124646393939 , 0.0713133939394 , 0.617933948428
33 , 0.053333 , 0.122548941176 , 0.0692159411765 , 0.614465302886
34 , 0.053333 , 0.121333257143 , 0.0680002571429 , 0.61119486566
35 , 0.053333 , 0.120555472222 , 0.0672224722222 , 0.608106119392
36 , 0.053333 , 0.118738648649 , 0.0654056486486 , 0.605184332381
37 , 0.053333 , 0.117017447368 , 0.0636844473684 , 0.602416323634
38 , 0.073333 , 0.118119564103 , 0.0447865641026 , 0.599790264054
39 , 0.066667 , 0.11683325 , 0.05016625 , 0.597295507453
40 , 0.04 , 0.117886097561 , 0.077886097561 , 0.594922446295
41 , 0.053333 , 0.116349119048 , 0.0630161190476 , 0.59266238805
42 , 0.066667 , 0.11519372093 , 0.0485267209302 , 0.590507448793
43 , 0.053333 , 0.114999931818 , 0.0616669318182 , 0.588450461321
44 , 0.026667 , 0.115111044444 , 0.0884440444444 , 0.586484895514
45 , 0.066667 , 0.114057913043 , 0.0473909130435 , 0.584604789089
46 , 0.066667 , 0.114751723404 , 0.0480847234043 , 0.582804687194
47 , 0.066667 , 0.113749958333 , 0.0470829583333 , 0.581079589544
48 , 0.066667 , 0.113061183673 , 0.0463941836735 , 0.579424904043
49 , 0.066667 , 0.11239996 , 0.04573296 , 0.577836405962
50 , 0.066667 , 0.112026098039 , 0.0453590980392 , 0.576310201924
51 , 0.053333 , 0.111666615385 , 0.0583336153846 , 0.574842698041
52 , 0.066667 , 0.110817566038 , 0.0441505660377 , 0.573430571662
53 , 0.073333 , 0.111975259259 , 0.0386422592593 , 0.572070746261
54 , 0.053333 , 0.110909036364 , 0.0575760363636 , 0.570760369057
55 , 0.066667 , 0.110833285714 , 0.0441662857143 , 0.569496791038
56 , 0.066667 , 0.110058438596 , 0.0433914385965 , 0.56827754909
57 , 0.066667 , 0.109310310345 , 0.0426433103448 , 0.567100349967
58 , 0.066667 , 0.108587542373 , 0.0419205423729 , 0.5659630559
59 , 0.04 , 0.107444416667 , 0.0674444166667 , 0.564863671635
60 , 0.04 , 0.106338770492 , 0.0663387704918 , 0.563800332756
61 , 0.053333 , 0.10548383871 , 0.0521508387097 , 0.562771295131
62 , 0.066667 , 0.104973507937 , 0.0383065079365 , 0.561774925367
63 , 0.053333 , 0.104791625 , 0.051458625 , 0.560809692158
64 , 0.053333 , 0.103999953846 , 0.0506669538462 , 0.559874158432
65 , 0.066667 , 0.10343430303 , 0.0367673030303 , 0.558966974214
66 , 0.066667 , 0.102885537313 , 0.0362185373134 , 0.558086870121
67 , 0.04 , 0.102745058824 , 0.0627450588235 , 0.557232651443
68 , 0.066667 , 0.102222188406 , 0.0355551884058 , 0.556403192726
69 , 0.053333 , 0.101809485714 , 0.0484764857143 , 0.55559743283
70 , 0.053333 , 0.101690098592 , 0.0483570985915 , 0.554814370396
71 , 0.04 , 0.101759222222 , 0.0617592222222 , 0.554053059696
72 , 0.066667 , 0.101278506849 , 0.0346115068493 , 0.553312606823
73 , 0.066667 , 0.100810783784 , 0.0341437837838 , 0.552592166191
74 , 0.066667 , 0.100355533333 , 0.0336885333333 , 0.551890937308
75 , 0.053333 , 0.0997368157895 , 0.0464038157895 , 0.551208161817
76 , 0.04 , 0.100346298701 , 0.0603462987013 , 0.550543120755
77 , 0.013333 , 0.0992307435897 , 0.0858977435897 , 0.549895132027
78 , 0.053333 , 0.0991560886076 , 0.0458230886076 , 0.549263548077
79 , 0.053333 , 0.0985833 , 0.0452503 , 0.548647753726
80 , 0.066667 , 0.0983538765432 , 0.0316868765432 , 0.548047164174
81 , 0.066667 , 0.0981300487805 , 0.0314630487805 , 0.547461223148
82 , 0.053333 , 0.098072253012 , 0.044739253012 , 0.546889401182
83 , 0.066667 , 0.0976983809524 , 0.0310313809524 , 0.546331194025
84 , 0.066667 , 0.0973333058824 , 0.0306663058824 , 0.545786121154
85 , 0.066667 , 0.097131755814 , 0.030464755814 , 0.545253724397
86 , 0.053333 , 0.097088091954 , 0.043755091954 , 0.544733566645
87 , 0.053333 , 0.096590875 , 0.043257875 , 0.54422523066
88 , 0.04 , 0.0959550224719 , 0.0559550224719 , 0.543728317956
89 , 0.04 , 0.0953333 , 0.0553333 , 0.543242447757
90 , 0.066667 , 0.0951648021978 , 0.0284978021978 , 0.542767256023
91 , 0.013333 , 0.094275326087 , 0.080942326087 , 0.542302394545
92 , 0.066667 , 0.094121827957 , 0.027454827957 , 0.541847530087
93 , 0.053333 , 0.0941134361702 , 0.0407804361702 , 0.541402343597
94 , 0.066667 , 0.0939648736842 , 0.0272978736842 , 0.540966529454
95 , 0.04 , 0.0940971875 , 0.0540971875 , 0.540539794772
96 , 0.04 , 0.0935394845361 , 0.0535394845361 , 0.540121858743
97 , 0.073333 , 0.0934013265306 , 0.0200683265306 , 0.539712452022
98 , 0.066667 , 0.0931312828283 , 0.0264642828283 , 0.539311316143
99 , 0.066667 , 0.09299997 , 0.02633297 , 0.538918202981
0 , 0.08 , 0.173333 , 0.093333 , 4.39182029811
1 , 0.066667 , 0.173333 , 0.106666 , 2.44591014906
2 , 0.066667 , 0.137777666667 , 0.0711106666667 , 1.7972734327
3 , 0.053333 , 0.24333325 , 0.19000025 , 1.47295507453
4 , 0.066667 , 0.208 , 0.141333 , 1.27836405962
5 , 0.106667 , 0.191111166667 , 0.0844441666667 , 1.14863671635
6 , 0.04 , 0.180952428571 , 0.140952428571 , 1.0559743283
7 , 0.066667 , 0.16666675 , 0.09999975 , 0.986477537264
8 , 0.053333 , 0.165926 , 0.112593 , 0.932424477568
9 , 0.066667 , 0.1653334 , 0.0986664 , 0.889182029811
10 , 0.053333 , 0.164848545455 , 0.111515545455 , 0.853801845283
11 , 0.066667 , 0.1894445 , 0.1227775 , 0.824318358176
12 , 0.08 , 0.182051307692 , 0.102051307692 , 0.799370792162
13 , 0.08 , 0.180476214286 , 0.100476214286 , 0.777987164151
14 , 0.053333 , 0.172 , 0.118667 , 0.759454686541
15 , 0.066667 , 0.1670833125 , 0.1004163125 , 0.743238768632
16 , 0.053333 , 0.161960764706 , 0.108627764706 , 0.728930605771
17 , 0.04 , 0.158148111111 , 0.118148111111 , 0.716212238784
18 , 0.066667 , 0.158245578947 , 0.0915785789474 , 0.704832647269
19 , 0.066667 , 0.15499995 , 0.08833295 , 0.694591014906
20 , 0.08 , 0.15142852381 , 0.0714285238095 , 0.685324776101
21 , 0.066667 , 0.147575727273 , 0.0809087272727 , 0.676900922641
22 , 0.026667 , 0.148115913043 , 0.121448913043 , 0.669209578179
23 , 0.066667 , 0.146944416667 , 0.0802774166667 , 0.662159179088
24 , 0.04 , 0.14266664 , 0.10266664 , 0.655672811924
25 , 0.066667 , 0.140769192308 , 0.0741021923077 , 0.649685396081
26 , 0.08 , 0.138518481481 , 0.0585184814815 , 0.644141492523
27 , 0.066667 , 0.136904714286 , 0.0702377142857 , 0.638993582075
28 , 0.066667 , 0.134482724138 , 0.0678157241379 , 0.634200699935
29 , 0.066667 , 0.135777733333 , 0.0691107333333 , 0.62972734327
30 , 0.053333 , 0.133118225806 , 0.0797852258065 , 0.625542590262
31 , 0.04 , 0.13020828125 , 0.09020828125 , 0.621619384316
32 , 0.053333 , 0.129494909091 , 0.0761619090909 , 0.617933948428
33 , 0.066667 , 0.132156823529 , 0.0654898235294 , 0.614465302886
34 , 0.066667 , 0.130666628571 , 0.0639996285714 , 0.61119486566
35 , 0.066667 , 0.128888861111 , 0.0622218611111 , 0.608106119392
36 , 0.073333 , 0.127567540541 , 0.0542345405405 , 0.605184332381
37 , 0.04 , 0.125263131579 , 0.0852631315789 , 0.602416323634
38 , 0.053333 , 0.124444410256 , 0.0711114102564 , 0.599790264054
39 , 0.073333 , 0.1233333 , 0.0500003 , 0.597295507453
40 , 0.066667 , 0.123252 , 0.056585 , 0.594922446295
41 , 0.066667 , 0.121904738095 , 0.0552377380952 , 0.59266238805
42 , 0.066667 , 0.120620139535 , 0.0539531395349 , 0.590507448793
43 , 0.053333 , 0.119090886364 , 0.0657578863636 , 0.588450461321
44 , 0.073333 , 0.1182222 , 0.0448892 , 0.586484895514
45 , 0.073333 , 0.117391282609 , 0.0440582826087 , 0.584604789089
46 , 0.053333 , 0.116879404255 , 0.0635464042553 , 0.582804687194
47 , 0.053333 , 0.115555520833 , 0.0622225208333 , 0.581079589544
48 , 0.066667 , 0.114557795918 , 0.0478907959184 , 0.579424904043
49 , 0.04 , 0.11439998 , 0.07439998 , 0.577836405962
50 , 0.053333 , 0.113986901961 , 0.0606539019608 , 0.576310201924
51 , 0.053333 , 0.113589711538 , 0.0602567115385 , 0.574842698041
52 , 0.053333 , 0.113207509434 , 0.059874509434 , 0.573430571662
53 , 0.053333 , 0.113086388889 , 0.0597533888889 , 0.572070746261
54 , 0.066667 , 0.113454509091 , 0.0467875090909 , 0.570760369057
55 , 0.053333 , 0.113333303571 , 0.0600003035714 , 0.569496791038
56 , 0.053333 , 0.112280666667 , 0.0589476666667 , 0.56827754909
57 , 0.04 , 0.111034448276 , 0.0710344482759 , 0.567100349967
58 , 0.053333 , 0.111638389831 , 0.0583053898305 , 0.5659630559
59 , 0.066667 , 0.110888866667 , 0.0442218666667 , 0.564863671635
60 , 0.066667 , 0.110163918033 , 0.0434969180328 , 0.563800332756
61 , 0.053333 , 0.110967725806 , 0.0576347258065 , 0.562771295131
62 , 0.053333 , 0.110052888889 , 0.0567198888889 , 0.561774925367
63 , 0.066667 , 0.109374984375 , 0.042707984375 , 0.560809692158
64 , 0.066667 , 0.108923061538 , 0.0422560615385 , 0.559874158432
65 , 0.053333 , 0.108080787879 , 0.0547477878788 , 0.558966974214
66 , 0.053333 , 0.107860671642 , 0.0545276716418 , 0.558086870121
67 , 0.053333 , 0.107058794118 , 0.0537257941176 , 0.557232651443
68 , 0.053333 , 0.10628015942 , 0.0529471594203 , 0.556403192726
69 , 0.04 , 0.1053333 , 0.0653333 , 0.55559743283
70 , 0.053333 , 0.10516428169 , 0.0518312816901 , 0.554814370396
71 , 0.066667 , 0.104629597222 , 0.0379625972222 , 0.554053059696
72 , 0.066667 , 0.104109561644 , 0.0374425616438 , 0.553312606823
73 , 0.04 , 0.103243216216 , 0.0632432162162 , 0.552592166191
74 , 0.066667 , 0.102755533333 , 0.0360885333333 , 0.551890937308
75 , 0.066667 , 0.102280684211 , 0.0356136842105 , 0.551208161817
76 , 0.053333 , 0.101645 , 0.048312 , 0.550543120755
77 , 0.04 , 0.100854679487 , 0.0608546794872 , 0.549895132027
78 , 0.053333 , 0.100253139241 , 0.0469201392405 , 0.549263548077
79 , 0.053333 , 0.0996666375 , 0.0463336375 , 0.548647753726
80 , 0.04 , 0.0995884444444 , 0.0595884444444 , 0.548047164174
81 , 0.066667 , 0.0993495609756 , 0.0326825609756 , 0.547461223148
82 , 0.066667 , 0.0991164337349 , 0.0324494337349 , 0.546889401182
83 , 0.066667 , 0.0988888571429 , 0.0322218571429 , 0.546331194025
84 , 0.066667 , 0.0985097764706 , 0.0318427764706 , 0.545786121154
85 , 0.066667 , 0.0982945465116 , 0.0316275465116 , 0.545253724397
86 , 0.053333 , 0.0982375172414 , 0.0449045172414 , 0.544733566645
87 , 0.04 , 0.0975757272727 , 0.0575757272727 , 0.54422523066
88 , 0.053333 , 0.0970786179775 , 0.0437456179775 , 0.543728317956
89 , 0.053333 , 0.0965925555556 , 0.0432595555556 , 0.543242447757
90 , 0.066667 , 0.0962637032967 , 0.0295967032967 , 0.542767256023
91 , 0.066667 , 0.096086923913 , 0.029419923913 , 0.542302394545
92 , 0.04 , 0.0954838387097 , 0.0554838387097 , 0.541847530087
93 , 0.066667 , 0.0951772765957 , 0.0285102765957 , 0.541402343597
94 , 0.066667 , 0.0950175157895 , 0.0283505157895 , 0.540966529454
95 , 0.066667 , 0.0948610833333 , 0.0281940833333 , 0.540539794772
96 , 0.053333 , 0.0948453298969 , 0.0415123298969 , 0.540121858743
97 , 0.066667 , 0.0945577959184 , 0.0278907959184 , 0.539712452022
98 , 0.066667 , 0.0942760707071 , 0.0276090707071 , 0.539311316143
99 , 0.053333 , 0.09386664 , 0.04053364 , 0.538918202981
